==================================================
==================================================
time horizon: 5
Benders cut: 1
Improved Benders cut: 0
Lagrangian cut: 1
Integer Optimality cut: 0
FW sample paths: 2
total iterations: 34
total time elapsed: 688.903 seconds.
lower bounds improvement: [1080.06, 2045.09, 2190.99, 2197.09, 2238.38, 2241.88, 2242.41, 2242.79, 2243.9, 2245.47,
2245.47, 2245.54, 2245.56, 2245.56, 2245.77, 2245.89, 2245.89, 2246.2, 2246.2, 2246.2,
2246.2, 2246.21, 2246.21, 2246.21, 2246.44, 2246.44, 2246.44, 2246.44, 2246.44, 2246.44,
2246.44, 2246.44, 2246.44, 2246.44]
upper bounds improvement: [1726.55, 1864.47, 1786.19, 2499.19, 1913.29, 2695.38, 2139.2, 1727.17, 1772.27, 3041,
2508.88, 2571.73, 2469.69, 2316.13, 2975.58, 2085.67, 2225.13, 1711.71, 2006.73, 2624.39,
1622.86, 2059.75, 2066.31, 2166.26, 1882.7, 1923.12, 2823.96, 3109.58, 2131.17, 2191.37,
2240.25, 2185.09, 1793.09, 2255.04, 2255.16]
left 95% CI for the upper bound: [1690.87, 1669, 1284.34, 1880.54, 1606.9, 2118.01, 2021.74, 1485.36, 1771.51, 3022.24,
1565.61, 2136.42, 2248.42, 1991.49, 2698.36, 1050.02, 1893.7, 937.495, 1845.39, 2194.47,
1459.64, 1897.1, 981.181, 1296.5, 1616.74, 1466.14, 2804.72, 3057.66, 1254.26, 795.923,
1962.46, 582.843, 1660.12, 2203.92, 2230.76]
right 95% CI for the upper bound: [1762.23, 2059.93, 2288.04, 3117.84, 2219.68, 3272.76, 2256.66, 1968.99, 1773.03, 3059.77,
3452.16, 3007.03, 2690.97, 2640.77, 3252.79, 3121.31, 2556.56, 2485.93, 2168.07, 3054.31,
1786.09, 2222.39, 3151.44, 3036.03, 2148.66, 2380.1, 2843.2, 3161.49, 3008.09, 3586.82,
2518.04, 3787.33, 1926.07, 2306.17, 2279.57]
==================================================
==================================================
time horizon: 5
Benders cut: 0
Improved Benders cut: 1
Lagrangian cut: 1
Integer Optimality cut: 0
FW sample paths: 2
total iterations: 21
total time elapsed: 385.997 seconds.
lower bounds improvement: [912.448, 2147.03, 2227, 2232.94, 2244.05, 2244.3, 2244.99, 2245.59, 2245.59, 2245.72,
2246.24, 2246.33, 2246.39, 2246.39, 2246.39, 2246.43, 2246.44, 2246.44, 2246.44, 2246.44,
2246.44]
upper bounds improvement: [1739.09, 2406.33, 2478.3, 1909.07, 1746.4, 2334.11, 2244.43, 2296.8, 2605.85, 2402.14,
2420.96, 2168.38, 2510.55, 2190.05, 1707.9, 2243.52, 2135.06, 2373.14, 1742.49, 2390.28,
2265.11, 2252.6]
left 95% CI for the upper bound: [1709.08, 2149.86, 1897.61, 1285.87, 1741.32, 1533.32, 1178.03, 1070.13, 2119.69, 1695.5,
1582.82, 873.106, 1756.06, 1369.71, 1618.08, 2057.85, 2103.11, 2299.6, 1633.86, 2164.15,
2216.06, 2228.77]
right 95% CI for the upper bound: [1769.11, 2662.8, 3058.98, 2532.26, 1751.48, 3134.89, 3310.83, 3523.48, 3092, 3108.78,
3259.11, 3463.65, 3265.04, 3010.38, 1797.73, 2429.19, 2167.01, 2446.68, 1851.13, 2616.42,
2314.17, 2276.43]
==================================================
==================================================
time horizon: 5
Benders cut: 0
Improved Benders cut: 1
Lagrangian cut: 1
Integer Optimality cut: 0
FW sample paths: 2
total iterations: 25
total time elapsed: 491.431 seconds.
lower bounds improvement: [1400.48, 2106.68, 2204.53, 2206.05, 2232.83, 2241.55, 2242.99, 2243.53, 2245.1, 2245.58,
2245.77, 2245.77, 2245.77, 2245.77, 2245.77, 2246.36, 2246.36, 2246.44, 2246.44, 2246.44,
2246.44, 2246.44, 2246.44, 2246.44, 2246.44]
upper bounds improvement: [2007.32, 2186.65, 2488.3, 2206.76, 2041.43, 1659.07, 2406.62, 1728.79, 1993.31, 2438.22,
1895.71, 2048.66, 2373.39, 2020.87, 2477.26, 2540.68, 2403.34, 1928.56, 1794.98, 2152.59,
2573.63, 1930.54, 2478.04, 1870.87, 2225.03, 2255.06]
left 95% CI for the upper bound: [1770.13, 1941.43, 1804.52, 1745.45, 1396.18, 1575.18, 2323.29, 1661.01, 1839.62, 1152.04,
1489.96, 1395.25, 1074.34, 1842.95, 1867.69, 1643.2, 2364.68, 1846.28, 1573.46, 1326.04,
1601.24, 1555.75, 1392.48, 1649.15, 2169.78, 2230.73]
right 95% CI for the upper bound: [2244.52, 2431.87, 3172.08, 2668.08, 2686.69, 1742.97, 2489.94, 1796.57, 2146.99, 3724.4,
2301.45, 2702.08, 3672.43, 2198.8, 3086.82, 3438.17, 2441.99, 2010.85, 2016.51, 2979.14,
3546.02, 2305.32, 3563.6, 2092.58, 2280.29, 2279.4]
==================================================
==================================================
time horizon: 6
Benders cut: 1
Improved Benders cut: 0
Lagrangian cut: 1
Integer Optimality cut: 0
FW sample paths: 2
total iterations: 63
total time elapsed: 3448.23 seconds.
lower bounds improvement: [1689.63, 2604.58, 2667.32, 2675.08, 2700.74, 2757.97, 2764.6, 2769.3, 2772.21, 2778.52,
2790.47, 2790.82, 2792.75, 2798.46, 2803.58, 2804.05, 2807.77, 2809.98, 2811.65, 2813.11,
2813.32, 2814.49, 2814.97, 2815.17, 2816.54, 2816.86, 2817.14, 2817.19, 2817.39, 2817.43,
2817.75, 2817.91, 2818.13, 2818.2, 2818.3, 2818.3, 2818.3, 2818.45, 2818.45, 2818.45,
2818.56, 2818.65, 2818.65, 2818.65, 2818.65, 2818.65, 2818.65, 2818.65, 2818.66, 2818.81,
2818.81, 2818.81, 2818.81, 2818.82, 2818.94, 2818.94, 2818.94, 2818.94, 2818.94, 2818.94,
2818.94, 2818.94, 2818.94]
upper bounds improvement: [2259.66, 3141.67, 2985.43, 2796.49, 2795.39, 2920.98, 2353.95, 3332.19, 3293.07, 2336.59,
2940.21, 2199.52, 3293.86, 3440.4, 2588.98, 2279.01, 3183.73, 3068.29, 3138.24, 2740.83,
3092.6, 2033.13, 2561.87, 2710.76, 3634.44, 3230.36, 2408.46, 3292.27, 3369.14, 2430.6,
2304.14, 3329.55, 2973.65, 2714.77, 2982.91, 2796.86, 2625.75, 3044.17, 2531.63, 3032.02,
3404.81, 3099.75, 2303.51, 2656.74, 2214.82, 3049.09, 3510.65, 3177.76, 2213.36, 2797.64,
3768.05, 2483.6, 3061.88, 2452.33, 2644.36, 3081.21, 2911.82, 2477.79, 3796.86, 2546.26,
2844.27, 3085.24, 2864.83, 2819.08]
left 95% CI for the upper bound: [1585.19, 2744.15, 1632.3, 2694.85, 2155.06, 2883.46, 1394.5, 2538.67, 2464.25, 1712.52,
1858.29, 1929.55, 2449.51, 2156.52, 1738.03, 1636.04, 3156.43, 1509.19, 2592.16, 2515.29,
2576.32, 1831.29, 2339.92, 2585.36, 3592.44, 2463.51, 2112.07, 2499.42, 3211.04, 1687.39,
1795.11, 2911.8, 2598.82, 1446.48, 1270.13, 442.51, 2170.4, 1656.54, 2157.08, 2885.36,
2933.22, 2711.12, 1690.87, 1848.49, 2047.92, 2789.43, 3386.66, 3025.38, 1874.74, 2728.68,
3336.83, 1065.82, 3031.27, 2405.7, 2362.57, 2570.94, 2442.75, 1411.34, 3522.67, 1832.12,
2262.46, 1611.41, 2795.5, 2789.7]
right 95% CI for the upper bound: [2934.13, 3539.19, 4338.56, 2898.13, 3435.71, 2958.5, 3313.4, 4125.7, 4121.9, 2960.66,
4022.13, 2469.49, 4138.21, 4724.28, 3439.94, 2921.98, 3211.02, 4627.4, 3684.33, 2966.38,
3608.89, 2234.97, 2783.82, 2836.15, 3676.44, 3997.21, 2704.85, 4085.12, 3527.23, 3173.8,
2813.17, 3747.3, 3348.49, 3983.06, 4695.69, 5151.22, 3081.1, 4431.8, 2906.18, 3178.68,
3876.41, 3488.38, 2916.15, 3464.99, 2381.72, 3308.75, 3634.63, 3330.15, 2551.99, 2866.59,
4199.26, 3901.39, 3092.49, 2498.96, 2926.15, 3591.47, 3380.88, 3544.24, 4071.05, 3260.4,
3426.08, 4559.07, 2934.16, 2848.47]
==================================================
==================================================
time horizon: 6
Benders cut: 0
Improved Benders cut: 1
Lagrangian cut: 1
Integer Optimality cut: 0
FW sample paths: 2
total iterations: 56
total time elapsed: 2531.36 seconds.
lower bounds improvement: [931.717, 2625.18, 2665.45, 2695.86, 2756.44, 2786.1, 2788.66, 2800.37, 2804.44, 2807.03,
2808.9, 2810.49, 2811.99, 2812.08, 2812.32, 2813.1, 2813.39, 2813.66, 2815.37, 2815.85,
2816.31, 2816.38, 2817.28, 2817.44, 2817.56, 2817.77, 2818.03, 2818.1, 2818.1, 2818.24,
2818.24, 2818.45, 2818.45, 2818.47, 2818.47, 2818.48, 2818.49, 2818.53, 2818.58, 2818.6,
2818.63, 2818.63, 2818.64, 2818.66, 2818.66, 2818.68, 2818.86, 2818.86, 2818.86, 2818.86,
2818.86, 2818.86, 2818.86, 2818.86, 2818.86, 2818.92]
upper bounds improvement: [3635.63, 3185.24, 3425.15, 4079.47, 2712.78, 2275.23, 2283.98, 3285.33, 3070.52, 2855.9,
2888.33, 3173.01, 2782.59, 2301.25, 2490.44, 2905.7, 2091.9, 3091.24, 2226.99, 3114.83,
2635.24, 3325.11, 2459.07, 2554.02, 2634.17, 3199.79, 2767.79, 2480.6, 2411.32, 3153.91,
2247.77, 2281.89, 3594.51, 2424.43, 2629.69, 2669.6, 3288.19, 2786.96, 2344.29, 3382.4,
2676.97, 2439.27, 2659.63, 3496.97, 3104.87, 3485.56, 2808.15, 2474.74, 3599.92, 2643.74,
2712.02, 2144.78, 3015.61, 2328.82, 2187.96, 2775.33, 2818.92]
left 95% CI for the upper bound: [3123.46, 1878.18, 2733.05, 4063.87, 1393.03, 1295.44, 2045.74, 2534.57, 1631, 1600.7,
2540.68, 2004.78, 1702.31, 1739.26, 2056.57, 1780.07, 1775.54, 1885.74, 1870.85, 2604.78,
2067.46, 2500.59, 2418.11, 1733.1, 1632.48, 2813.81, 1991.26, 1786.98, 1536.33, 3007.29,
890.854, 2071.64, 3127.52, 1197.06, 1988.83, 1422.24, 3017.84, 1855.88, 1401.98, 3163.94,
1863.66, 1573.88, 1625.02, 3337.76, 2588.28, 3135.61, 2743.02, 1794.02, 3115.23, 2231.19,
1548.48, 1297.1, 2824.11, 2151.33, 1703.74, 2713.35, 2788.62]
right 95% CI for the upper bound: [4147.8, 4492.31, 4117.25, 4095.07, 4032.54, 3255.02, 2522.23, 4036.08, 4510.03, 4111.11,
3235.98, 4341.25, 3862.86, 2863.24, 2924.31, 4031.34, 2408.27, 4296.73, 2583.12, 3624.87,
3203.02, 4149.64, 2500.03, 3374.93, 3635.85, 3585.77, 3544.31, 3174.22, 3286.31, 3300.53,
3604.69, 2492.13, 4061.5, 3651.81, 3270.55, 3916.95, 3558.54, 3718.03, 3286.6, 3600.86,
3490.28, 3304.65, 3694.25, 3656.17, 3621.47, 3835.51, 2873.27, 3155.47, 4084.62, 3056.3,
3875.56, 2992.47, 3207.1, 2506.3, 2672.17, 2837.31, 2849.21]
==================================================
==================================================
time horizon: 6
Benders cut: 0
Improved Benders cut: 1
Lagrangian cut: 1
Integer Optimality cut: 0
FW sample paths: 2
total iterations: 50
total time elapsed: 3696.24 seconds.
lower bounds improvement: [1438.22, 2098.08, 2555.68, 2629.5, 2746.68, 2790.78, 2793.21, 2795.01, 2797.06, 2798.86,
2805.17, 2810.06, 2812.14, 2812.16, 2812.62, 2814.3, 2814.45, 2814.58, 2814.69, 2814.71,
2816.17, 2816.74, 2817.66, 2817.66, 2817.66, 2817.66, 2817.69, 2818.01, 2818.25, 2818.25,
2818.27, 2818.46, 2818.48, 2818.49, 2818.51, 2818.51, 2818.51, 2818.55, 2818.55, 2818.55,
2818.86, 2818.86, 2818.86, 2818.86, 2818.86, 2818.86, 2818.86, 2818.86, 2818.86, 2818.94]
upper bounds improvement: [3083.33, 2858.57, 2383.92, 2746.16, 3439.86, 2359.47, 2435.08, 3355.91, 2853.52, 2726.15,
2620.78, 3217.63, 3127.8, 3444.98, 2843.33, 2754.74, 2072.89, 2552.5, 3392.35, 2983.11,
2541.89, 3379.06, 3155.54, 2783.06, 2216.68, 3836.31, 3399.61, 2338.14, 3054.18, 2741.84,
3889.53, 3043.15, 2689.86, 3009.28, 2729.06, 3070.74, 2454.13, 2782.4, 2327.51, 2924.23,
2830.79, 3486.07, 2561.77, 2858.7, 2758.28, 2392.42, 2790.85, 2628.14, 1966.96, 2824.87,
2781.37]
left 95% CI for the upper bound: [2969.92, 2731.55, 2196.47, 2440.13, 3108.32, 2030.54, 2366.97, 2866.11, 2782.65, 2136.68,
2226.31, 2886.67, 2929.74, 3237.48, 1124.21, 1577.05, 1506.68, 1333.47, 2752.29, 2339.87,
2293.28, 2485.43, 2952.24, 2079.53, 1074.25, 3553.45, 2756.82, 2057.59, 2479.68, 1951.8,
3482.37, 1705.63, 2001.8, 1451.46, 513.187, 2538.17, 2174.02, 1889.35, 2302.1, 2691.69,
2765.06, 3128.38, 2330.78, 2748.8, 1536.52, 1419.19, 2357.82, 2238.84, 1638.4, 2758.79,
2752.01]
right 95% CI for the upper bound: [3196.74, 2985.59, 2571.37, 3052.18, 3771.41, 2688.4, 2503.19, 3845.72, 2924.38, 3315.62,
3015.26, 3548.59, 3325.87, 3652.48, 4562.45, 3932.43, 2639.1, 3771.54, 4032.41, 3626.36,
2790.49, 4272.68, 3358.84, 3486.58, 3359.1, 4119.17, 4042.4, 2618.69, 3628.68, 3531.88,
4296.69, 4380.66, 3377.93, 4567.1, 4944.93, 3603.3, 2734.24, 3675.44, 2352.92, 3156.78,
2896.52, 3843.76, 2792.75, 2968.6, 3980.03, 3365.64, 3223.87, 3017.44, 2295.53, 2890.95,
2810.73]
==================================================
==================================================
time horizon: 7
Benders cut: 1
Improved Benders cut: 0
Lagrangian cut: 1
Integer Optimality cut: 0
FW sample paths: 2
total iterations: 100
total time elapsed: 8919.19 seconds.
lower bounds improvement: [1330.07, 2961.88, 3030.88, 3262.43, 3309.07, 3395.53, 3412.29, 3424.45, 3463.27, 3465.11,
3468.54, 3483.4, 3485.31, 3491.83, 3495.91, 3500.34, 3509.07, 3511.78, 3513.23, 3522.19,
3524.87, 3526.27, 3528.34, 3530.4, 3530.96, 3536, 3540.71, 3542.29, 3542.7, 3544.36,
3544.82, 3545.15, 3545.81, 3547.71, 3549.11, 3550.72, 3551.82, 3552.5, 3553.19, 3553.51,
3554.36, 3554.58, 3554.81, 3555.03, 3555.51, 3556.29, 3557.08, 3557.49, 3557.82, 3558.01,
3558.72, 3559.5, 3559.76, 3559.94, 3560.85, 3561.29, 3562.08, 3562.14, 3562.24, 3562.28,
3562.32, 3562.71, 3562.76, 3562.91, 3562.93, 3562.97, 3562.99, 3563.19, 3563.21, 3563.24,
3563.34, 3563.39, 3563.42, 3563.42, 3563.55, 3563.57, 3563.58, 3563.58, 3563.61, 3563.64,
3563.7, 3563.75, 3563.78, 3563.81, 3563.87, 3563.87, 3563.87, 3563.88, 3563.88, 3563.89,
3564.34, 3564.34, 3564.34, 3564.34, 3564.34, 3564.34, 3564.34, 3564.34, 3564.34, 3564.46]
upper bounds improvement: [3686, 2699.2, 3924.43, 4152.52, 4262.81, 3412.39, 3946.47, 4096.74, 3717.41, 4044.62,
3578.35, 2242.57, 3890.94, 3264.66, 3621.15, 4622.7, 3114.9, 3311.78, 3579.39, 3778.52,
4243.85, 3757.66, 4643.75, 2757.84, 2798.75, 3244.04, 3016.72, 2861, 3870.6, 3640.46,
3543.3, 4140.44, 3168.47, 3492.65, 4045.29, 3685.14, 4476.8, 3936.47, 4202.13, 3452.9,
3681.15, 3789.4, 4107.97, 4112.57, 3272.44, 3584.2, 3756.35, 3759.2, 3932.24, 2880.34,
3311.2, 3576.42, 4070.38, 3799.25, 3956.6, 3990.97, 4268.43, 3332.51, 3985.93, 4028.04,
3422.56, 3527.53, 3682.16, 3518.5, 3685.07, 3133.71, 3874.36, 3942.92, 3464.54, 2829.15,
3478.21, 4464.47, 2926.4, 3959.95, 3427.52, 2795.35, 3014.24, 3064.4, 3192.02, 3473.04,
4608.13, 4006.53, 3282.26, 3532.83, 4315.21, 3377.63, 2562.66, 3143.25, 3985.21, 3643.24,
3568.26, 3515.01, 3845.88, 2794.77, 3348.19, 3702.71, 4165.24, 4178.4, 3948.16, 3543.2,
3536.41]
left 95% CI for the upper bound: [2541.57, 1827.96, 3665.74, 3037.7, 4156.15, 2669.74, 2480.25, 3179.31, 3096.62, 3721.04,
2759.5, 1566.53, 3263.43, 2922.97, 3607.53, 3749.81, 2455.07, 3026.31, 3284.15, 3015.88,
2779.65, 2982.37, 3699.04, 2743.45, 2070.47, 3075.63, 1761.43, 1352.87, 3152.27, 2579.5,
2712.97, 3991.73, 2903.56, 2681.14, 3907.02, 3283.24, 3573.91, 3934.17, 2489.1, 2655.33,
3113.05, 3427.98, 3761.5, 3943.81, 2857.2, 2657.19, 1317.42, 2953.72, 3388.88, 2505.84,
3174.49, 3479.5, 3892.4, 2626.77, 3342.65, 3471.67, 2614.24, 3118.15, 3931.47, 3943.44,
1835.57, 3429.37, 3625.46, 3165.95, 3248.91, 3054.35, 2853.09, 2783.49, 3311.85, 1768.46,
3313.36, 3144.63, 2360.72, 2695.03, 3417.05, 1886.6, 2853.41, 1514.26, 3000.8, 2311.18,
3837.23, 3815.78, 2875.13, 3359.14, 3511.41, 2839.71, 1718.89, 2943.67, 3795.56, 3360.37,
3492.26, 2465.86, 3547.5, 2171.59, 2505.91, 3531.54, 3917.98, 4103.82, 3886.53, 3467.52,
3503.67]
right 95% CI for the upper bound: [4830.42, 3570.43, 4183.12, 5267.34, 4369.48, 4155.05, 5412.69, 5014.17, 4338.2, 4368.19,
4397.2, 2918.62, 4518.44, 3606.36, 3634.78, 5495.59, 3774.73, 3597.25, 3874.62, 4541.17,
5708.05, 4532.95, 5588.47, 2772.23, 3527.04, 3412.45, 4272.01, 4369.14, 4588.93, 4701.43,
4373.63, 4289.16, 3433.39, 4304.17, 4183.56, 4087.04, 5379.68, 3938.78, 5915.16, 4250.47,
4249.26, 4150.82, 4454.43, 4281.33, 3687.68, 4511.2, 6195.28, 4564.69, 4475.61, 3254.85,
3447.91, 3673.34, 4248.36, 4971.72, 4570.55, 4510.28, 5922.62, 3546.88, 4040.39, 4112.65,
5009.55, 3625.69, 3738.86, 3871.05, 4121.23, 3213.07, 4895.64, 5102.35, 3617.24, 3889.85,
3643.06, 5784.32, 3492.09, 5224.88, 3437.99, 3704.1, 3175.07, 4614.55, 3383.24, 4634.9,
5379.02, 4197.28, 3689.39, 3706.52, 5119.01, 3915.56, 3406.43, 3342.83, 4174.86, 3926.11,
3644.27, 4564.16, 4144.26, 3417.96, 4190.47, 3873.88, 4412.5, 4252.98, 4009.79, 3618.87,
3569.14]
==================================================
==================================================
time horizon: 7
Benders cut: 0
Improved Benders cut: 1
Lagrangian cut: 1
Integer Optimality cut: 0
FW sample paths: 2
total iterations: 66
total time elapsed: 8516.27 seconds.
lower bounds improvement: [961.562, 2885.34, 2969.95, 3436.3, 3447.92, 3481.13, 3513.34, 3538.63, 3541.9, 3543.11,
3544.77, 3545.69, 3547, 3549.59, 3551.12, 3551.39, 3553.15, 3553.44, 3554.84, 3555.14,
3555.85, 3556.52, 3557.11, 3557.84, 3559.54, 3559.81, 3560.08, 3560.18, 3560.57, 3561.24,
3561.95, 3562.31, 3562.41, 3562.76, 3562.8, 3563.08, 3563.1, 3563.13, 3563.25, 3563.27,
3563.29, 3563.39, 3563.48, 3563.49, 3563.54, 3563.58, 3563.59, 3563.6, 3563.67, 3563.68,
3563.71, 3563.72, 3563.72, 3563.73, 3563.74, 3563.75, 3564.45, 3564.45, 3564.45, 3564.45,
3564.45, 3564.45, 3564.45, 3564.45, 3564.45, 3564.48]
upper bounds improvement: [3731.64, 3576.38, 4471.27, 3656.25, 3817.82, 3598.91, 4328.15, 4035.95, 3574.49, 4057.45,
3123.32, 3766.43, 3251.73, 3890.98, 3617.29, 3830.48, 4662.48, 3947.54, 3958.72, 3891.56,
3667.74, 4147.19, 3563.33, 3427.1, 3082.73, 3615.9, 2888.59, 3591.85, 3492.27, 3386.74,
3962.23, 2896.6, 3771.75, 3602.31, 3976.6, 3704.15, 3331.22, 3782.91, 3021.01, 4112.11,
3668.3, 3174.3, 3608.64, 3560.88, 3359.03, 3301.02, 3478.75, 3627.56, 3800.33, 3150.06,
4582.88, 3282.5, 3363.18, 2074.18, 3434.38, 2927.59, 3595.93, 3466.66, 3582.49, 3914.59,
3745.05, 3309.45, 4507.78, 3009.1, 3685.68, 3618.25, 3544.53]
left 95% CI for the upper bound: [3123.97, 2499.84, 3976.01, 3649.91, 3415.5, 2632.88, 3891.09, 2060.96, 3571.19, 3003.36,
3002.96, 2887.2, 1156.99, 2162, 3354.03, 2860.46, 3922.91, 3467.43, 3086.29, 3300.65,
2667.31, 2783.12, 2063.52, 1828.04, 3076.13, 3049.75, 2859.79, 2757.78, 2928.89, 3189.99,
2738.93, 818.308, 3429.07, 3045.89, 3156.35, 3259.14, 3183.84, 3167.82, 2195.14, 4061.84,
3043, 3112.73, 2652.21, 2646.11, 3271.05, 2901.91, 2631.29, 2833.98, 2673.56, 2632.37,
3867.45, 2923.02, 3315.63, 1879.1, 2383.48, 2467.21, 3522.15, 2470.85, 2964.25, 3822.34,
2348.67, 3293.43, 3450.21, 2349.27, 1312.13, 3546.29, 3512.14]
right 95% CI for the upper bound: [4339.32, 4652.91, 4966.53, 3662.59, 4220.13, 4564.94, 4765.22, 6010.94, 3577.79, 5111.54,
3243.68, 4645.65, 5346.47, 5619.96, 3880.54, 4800.5, 5402.04, 4427.66, 4831.16, 4482.47,
4668.18, 5511.26, 5063.15, 5026.16, 3089.33, 4182.04, 2917.38, 4425.93, 4055.65, 3583.49,
5185.54, 4974.89, 4114.43, 4158.72, 4796.84, 4149.17, 3478.6, 4398.01, 3846.88, 4162.38,
4293.6, 3235.87, 4565.08, 4475.64, 3447.01, 3700.14, 4326.22, 4421.13, 4927.11, 3667.76,
5298.31, 3641.98, 3410.73, 2269.25, 4485.29, 3387.98, 3669.71, 4462.48, 4200.73, 4006.84,
5141.43, 3325.48, 5565.34, 3668.92, 6059.23, 3690.21, 3576.92]
==================================================
==================================================
time horizon: 7
Benders cut: 0
Improved Benders cut: 1
Lagrangian cut: 1
Integer Optimality cut: 0
FW sample paths: 2
total iterations: 69
total time elapsed: 7007.87 seconds.
lower bounds improvement: [1769.81, 2986.58, 3128.72, 3433.82, 3471.89, 3499.6, 3526.48, 3529.65, 3539.73, 3540.8,
3542.79, 3549.11, 3550.07, 3551.01, 3552.6, 3553.91, 3555.11, 3555.4, 3556.26, 3556.65,
3557.33, 3557.85, 3558.31, 3558.51, 3558.76, 3559.01, 3560.55, 3560.69, 3560.85, 3561.28,
3561.55, 3561.82, 3561.93, 3562.41, 3562.41, 3562.51, 3562.6, 3562.71, 3562.78, 3562.8,
3562.96, 3563.03, 3563.14, 3563.15, 3563.28, 3563.28, 3563.31, 3563.39, 3563.42, 3563.43,
3563.5, 3563.54, 3563.56, 3563.57, 3563.59, 3563.59, 3563.62, 3563.64, 3563.65, 3564.45,
3564.45, 3564.45, 3564.45, 3564.45, 3564.45, 3564.45, 3564.45, 3564.45, 3564.48]
upper bounds improvement: [3553.83, 3642.6, 4622.06, 4206.87, 4603, 4179.52, 3911.2, 2904.58, 3911.19, 4025.81,
3891.95, 3151.94, 3502.86, 3514.69, 3336.4, 3531.28, 3021.25, 3073.57, 3398.44, 4213.32,
2953.1, 3615.82, 3811.47, 3293.64, 3471.13, 3309.17, 3608.01, 4219.04, 4282.22, 3259.76,
4044.61, 3246.03, 3122.65, 3923.41, 2407.42, 3265.32, 3516.96, 3577.73, 3448.02, 3135.46,
3343.98, 4236.33, 3823.72, 3723.24, 3913.7, 3354.17, 4079.03, 3486.65, 2718.56, 2969.87,
3723.74, 3976.3, 3815.26, 3584.61, 4085.3, 3418.07, 3518.65, 3719.18, 4675.15, 3534.64,
3436.71, 2662.12, 3936.04, 3458.87, 3168.56, 3632.1, 4034.65, 4075.7, 3591.87, 3544.45]
left 95% CI for the upper bound: [1083.33, 2952.88, 3830.87, 2335.25, 4538.35, 3800.24, 3839.47, 1545.28, 3653.13, 3411.86,
2855.95, 2750.82, 2940.52, 2598.59, 2658.43, 2778.92, 1652.85, 3073.55, 2997.45, 3621.9,
2899.46, 2595.77, 3032.55, 2686.11, 2112.58, 2775.02, 2729.52, 3829.63, 2889.94, 2725.76,
2352.74, 990.36, 3057.9, 3653.65, 1146.63, 2137.24, 2700.66, 2741.18, 2810.63, 1421.87,
1753.34, 4056.58, 3490.04, 3500.4, 2770.39, 2030.31, 2932.67, 2696.7, 1697.7, 2741.42,
3098.97, 3325.01, 3415.94, 2707.74, 3845.5, 3338.41, 3488.7, 3075.29, 4202.17, 3457.21,
2316.5, 2607.79, 1777.76, 2314.66, 1531.23, 2925.9, 3842, 3818.56, 3523.84, 3511.35]
right 95% CI for the upper bound: [6024.33, 4332.32, 5413.26, 6078.5, 4667.65, 4558.79, 3982.94, 4263.88, 4169.25, 4639.76,
4927.94, 3553.05, 4065.2, 4430.8, 4014.38, 4283.65, 4389.66, 3073.59, 3799.43, 4804.73,
3006.74, 4635.86, 4590.4, 3901.16, 4829.68, 3843.32, 4486.5, 4608.45, 5674.5, 3793.77,
5736.48, 5501.7, 3187.4, 4193.18, 3668.22, 4393.4, 4333.26, 4414.28, 4085.4, 4849.05,
4934.62, 4416.08, 4157.39, 3946.07, 5057.01, 4678.03, 5225.38, 4276.6, 3739.43, 3198.32,
4348.51, 4627.59, 4214.58, 4461.48, 4325.1, 3497.73, 3548.61, 4363.08, 5148.14, 3612.08,
4556.92, 2716.46, 6094.31, 4603.08, 4805.89, 4338.3, 4227.3, 4332.84, 3659.91, 3577.55]
==================================================
==================================================
time horizon: 8
Benders cut: 1
Improved Benders cut: 0
Lagrangian cut: 1
Integer Optimality cut: 0
FW sample paths: 2
total iterations: 147
total time elapsed: 14390.5 seconds.
lower bounds improvement: [1523.99, 3622.06, 3665.49, 3832.53, 3838.6, 3926.42, 3951.05, 3960.57, 3995.19, 4006.35,
4016.25, 4032.99, 4034.37, 4043.89, 4044.39, 4057.11, 4062.52, 4067.29, 4075.24, 4081.88,
4082.11, 4086.57, 4087.41, 4095.59, 4098.98, 4102.37, 4104.69, 4106.53, 4108.61, 4110.35,
4114.58, 4119.08, 4121.98, 4124.4, 4127.39, 4128.75, 4129.63, 4130.98, 4135.01, 4135.81,
4137.77, 4139.16, 4139.95, 4140.95, 4141.89, 4142.43, 4142.8, 4143.26, 4143.67, 4144.63,
4144.96, 4145.36, 4146.07, 4146.1, 4146.91, 4146.96, 4147.48, 4147.68, 4148.22, 4148.67,
4149.19, 4149.3, 4150.27, 4150.69, 4151.3, 4151.57, 4151.99, 4152.03, 4152.26, 4152.99,
4153.21, 4153.76, 4153.83, 4153.95, 4154.19, 4154.23, 4154.34, 4154.42, 4154.79, 4154.97,
4155.09, 4155.18, 4155.25, 4155.25, 4155.25, 4155.34, 4155.44, 4155.61, 4155.77, 4155.81,
4155.91, 4156.1, 4156.1, 4156.25, 4156.41, 4156.81, 4157, 4157.07, 4157.1, 4157.23,
4157.26, 4157.33, 4157.52, 4157.58, 4157.62, 4157.78, 4157.79, 4157.81, 4157.89, 4157.91,
4158, 4158.07, 4158.07, 4158.07, 4158.13, 4158.18, 4158.2, 4158.25, 4158.36, 4158.37,
4158.37, 4158.38, 4158.41, 4158.43, 4158.46, 4158.46, 4158.48, 4159.08, 4159.18, 4159.19,
4159.19, 4159.19, 4159.24, 4159.27, 4159.27, 4159.27, 4159.28, 4159.46, 4159.49, 4159.5,
4159.5, 4159.5, 4159.5, 4159.5, 4159.5, 4159.5, 4159.55]
upper bounds improvement: [4420.06, 4749.09, 4500.15, 4811.68, 4252.06, 3876.56, 4944.33, 3755.16, 4050.3, 4435.82,
5566.9, 5700.91, 5215.29, 4401.6, 3087.26, 4693.46, 4234.31, 3292.94, 4361.05, 4196.36,
3757.13, 4074.38, 4131.27, 3679.04, 4195.42, 4370.77, 5320.83, 4451.89, 4921.25, 4381.38,
3515.36, 3551.93, 3630.7, 3942.38, 4468.61, 3874.61, 4458.79, 4435.99, 5231.42, 3625.83,
3842.33, 4427.15, 4390.85, 4041.53, 4325.99, 3457.93, 4652.04, 3927.83, 3932.94, 4923.18,
4710.58, 4105.63, 3911.48, 4082.68, 3994.2, 4877.21, 5660.05, 5518.81, 3985.58, 4135.94,
4806.61, 3546.17, 5177.39, 3761.41, 4918.76, 3370.69, 4250.02, 4212.49, 3768.7, 3227.68,
5063.89, 5054.71, 4931.38, 4128.62, 4195.09, 3566.53, 4450.71, 3389.24, 3927.07, 3620.88,
5072.85, 5665.81, 4601.85, 3746.82, 3915.13, 3930.68, 5092.34, 3707.32, 4395.29, 5082.7,
3671.78, 4367.17, 4327.96, 3829.23, 2609.43, 4412.37, 4043.96, 3088.71, 3508.67, 3816.9,
4539.22, 3793.81, 4427.96, 3379.34, 4649.03, 4149.94, 3119.72, 4062.11, 4926.38, 3764.95,
4220.85, 4986.55, 5141.65, 3631.82, 4394.84, 4381.89, 4235.6, 3847.51, 4288.11, 3311.26,
3520.66, 4114.13, 5126.38, 3908.06, 4154.73, 4265.35, 3964.12, 4173.8, 5227.11, 3963.64,
3886.01, 4778.34, 3725.81, 3593.2, 4925.39, 5341.85, 3540.26, 4155.66, 3966.5, 3711.1,
3742.59, 3784.07, 3795.08, 3607.76, 4174.19, 3657.46, 4170.91, 4178.01]
left 95% CI for the upper bound: [2784, 2415.91, 4215.19, 4180.77, 3594, 1594.5, 2327.34, 1318.76, 4000.97, 3393.73,
4629.31, 4172.07, 2493.65, 3430.98, 2996.71, 3931.16, 2756.25, 2321.7, 4311.02, 3781.06,
3516.36, 3986.64, 2177.35, 3031.96, 3929.94, 4360.18, 3176.45, 2908.55, 1642.12, 3536.55,
1659.69, 2331.25, 3254.69, 3857.55, 4114.34, 3603.64, 3572.92, 4339.23, 2793.76, 1088.69,
2549.22, 3097.34, 4244.9, 3743.71, 3179.17, 2824.49, 2552.68, 2928.92, 3820.58, 4736.84,
4100.26, 2249.79, 3394.38, 3631.71, 3234.59, 1756.89, 4336.31, 4530.09, 2011.02, 2415.41,
4038.67, 2839.98, 2672.87, 2739.95, 4728.24, 3106.76, 3986.59, 3693.32, 3097.76, 3172.72,
2454.99, 2442.84, 3981.11, 3489.28, 4011.91, 1976.77, 4247.64, 2526.98, 3543.07, 2819.47,
2622.79, 4243.36, 4228.39, 3455.26, 3359.38, 2913.95, 4957.35, 3640.08, 4362.14, 5036.62,
3397.99, 1191.62, 4324.48, 3796.86, 2345.76, 2644, 3530.47, 2235.6, 1637.96, 3016.08,
3317.92, 2547.51, 4368.76, 2060.34, 4102.24, 3483.49, 2836.12, 2222.53, 2052.06, 2796.83,
4176, 2318.71, 3893.83, 2606.57, 1459.12, 3103.25, 3947.11, 3683.4, 2947.6, 2840.99,
3301.5, 3301.98, 2906.57, 3624.14, 2638.37, 2557.26, 3756.9, 4057.47, 3423.07, 3048.79,
3791.46, 2125.83, 3657.91, 3449.63, 2398.92, 4415.77, 3066.65, 4046.05, 3151.98, 1426.46,
3740.54, 3392.4, 3690.51, 3067.57, 3535.2, 2952.82, 4054.75, 4128.31]
right 95% CI for the upper bound: [6056.12, 7082.27, 4785.11, 5442.59, 4910.12, 6158.62, 7561.33, 6191.57, 4099.64, 5477.91,
6504.49, 7229.76, 7936.93, 5372.23, 3177.81, 5455.75, 5712.37, 4264.17, 4411.09, 4611.65,
3997.89, 4162.12, 6085.19, 4326.12, 4460.9, 4381.37, 7465.2, 5995.23, 8200.39, 5226.21,
5371.02, 4772.62, 4006.72, 4027.21, 4822.87, 4145.57, 5344.66, 4532.75, 7669.08, 6162.96,
5135.45, 5756.97, 4536.8, 4339.34, 5472.81, 4091.37, 6751.4, 4926.75, 4045.31, 5109.52,
5320.91, 5961.48, 4428.59, 4533.64, 4753.8, 7997.54, 6983.8, 6507.52, 5960.14, 5856.47,
5574.55, 4252.36, 7681.92, 4782.87, 5109.29, 3634.62, 4513.45, 4731.66, 4439.64, 3282.64,
7672.78, 7666.58, 5881.66, 4767.96, 4378.27, 5156.29, 4653.79, 4251.51, 4311.08, 4422.29,
7522.91, 7088.26, 4975.3, 4038.38, 4470.89, 4947.41, 5227.33, 3774.55, 4428.43, 5128.79,
3945.57, 7542.71, 4331.44, 3861.59, 2873.1, 6180.74, 4557.44, 3941.82, 5379.39, 4617.72,
5760.52, 5040.11, 4487.17, 4698.35, 5195.81, 4816.38, 3403.32, 5901.68, 7800.7, 4733.07,
4265.71, 7654.38, 6389.46, 4657.07, 7330.56, 5660.54, 4524.1, 4011.62, 5628.62, 3781.53,
3739.83, 4926.28, 7346.19, 4191.99, 5671.08, 5973.44, 4171.34, 4290.12, 7031.15, 4878.5,
3980.57, 7430.85, 3793.71, 3736.76, 7451.86, 6267.92, 4013.88, 4265.27, 4781.02, 5995.75,
3744.64, 4175.74, 3899.65, 4147.96, 4813.17, 4362.09, 4287.06, 4227.71]
==================================================
==================================================
time horizon: 8
Benders cut: 0
Improved Benders cut: 1
Lagrangian cut: 1
Integer Optimality cut: 0
FW sample paths: 2
total iterations: 87
total time elapsed: 9170.09 seconds.
lower bounds improvement: [2154.31, 3501.43, 3651.66, 3875.52, 3957.36, 3986.72, 4097.73, 4104.03, 4111.04, 4121.48,
4123.84, 4129.32, 4129.72, 4130.93, 4134.89, 4140.59, 4144.12, 4144.9, 4145.53, 4146.57,
4147.03, 4149.2, 4150.06, 4150.5, 4150.74, 4151.07, 4151.54, 4151.91, 4152.19, 4152.91,
4153.11, 4153.8, 4153.96, 4154.22, 4154.52, 4155.17, 4155.29, 4155.58, 4155.86, 4156.02,
4156.26, 4156.49, 4156.63, 4156.81, 4156.86, 4157.22, 4157.3, 4157.46, 4157.53, 4157.71,
4157.92, 4157.98, 4157.99, 4158.03, 4158.31, 4158.46, 4158.5, 4158.52, 4158.58, 4158.58,
4158.61, 4158.64, 4158.66, 4158.71, 4158.71, 4158.71, 4158.71, 4158.74, 4158.74, 4159.27,
4159.28, 4159.33, 4159.33, 4159.37, 4159.4, 4159.41, 4159.43, 4159.44, 4159.45, 4159.47,
4159.54, 4159.54, 4159.55, 4159.56, 4159.56, 4159.57, 4159.59]
upper bounds improvement: [2954.91, 5875.5, 4229.62, 4693.1, 4774.69, 4179.99, 4413.78, 4120.02, 4048.77, 5539.34,
4842.63, 4804.76, 3887.09, 2856.82, 4896.08, 4573.53, 5047.85, 4819.12, 3900.36, 4617.29,
4555.03, 3901.2, 3444.87, 3473.89, 4771.36, 4156.73, 4473.92, 3063.08, 2887.06, 3570.74,
5071.61, 3308.72, 3548.27, 4282.93, 2979.7, 5384.45, 2972.57, 3683.52, 3691.01, 4133.85,
3729.34, 4304.83, 3474.76, 3697.92, 3728.61, 4227.76, 3219.87, 3074.95, 5128.26, 4005.98,
5382.7, 3975.1, 3891.3, 3924.2, 3856.16, 4012.84, 4750.72, 3877.27, 4048.12, 4490.66,
3110.37, 5107.39, 3927.04, 3143.98, 3653.38, 3490.99, 3835.74, 5078.93, 3745.92, 4088.64,
4970.36, 3166.79, 3396.35, 3733.43, 3922.38, 2850.21, 3617.01, 3731.77, 4641.14, 6036.46,
4179.44, 4784.27, 3560.04, 5626, 4205.94, 3721.76, 4133.71, 4170.62]
left 95% CI for the upper bound: [2150.15, 4545.36, 2998.23, 4005.97, 4635.98, 2623.57, 4245.52, 3310.46, 2730.45, 3731.68,
2520.89, 2668.08, 3304.66, 2184.55, 4489.57, 4269.27, 2248.65, 2670.98, 1362.2, 843.212,
3825.82, 3332.33, 3045.63, 2902.34, 4154.83, 3594.49, 4324.98, 2003.72, 2026.08, 1908.61,
2681.35, 2607.29, 2896.23, 3906.6, 2534, 4226.11, 2433.56, 3545.13, 2362.19, 3572.6,
3003.59, 928.585, 2823.93, 3660.06, 2518.44, 4054.6, 2055.74, 2842.47, 3053.55, 3751.73,
3625.52, 3302.43, 1454.26, 1975.14, 3774.12, 3403.05, 1541.97, 3713.14, 3913.26, 4467.38,
3023.75, 2558.21, 3269.55, 3011.62, 3501.59, 2964.99, 3760.31, 1926.41, 1112, 3982.75,
2771.73, 2189.84, 2763.73, 3648.34, 3059.32, 2411.12, 3284.36, 3609.41, 3967.45, 5727.57,
4065.75, 2091.81, 3340.3, 4513.87, 3107.29, 3545.99, 4024.56, 4122.3]
right 95% CI for the upper bound: [3759.68, 7205.63, 5461, 5380.24, 4913.41, 5736.41, 4582.04, 4929.57, 5367.1, 7346.99,
7164.36, 6941.43, 4469.52, 3529.09, 5302.6, 4877.8, 7847.05, 6967.26, 6438.52, 8391.37,
5284.23, 4470.06, 3844.11, 4045.44, 5387.88, 4718.98, 4622.86, 4122.44, 3748.03, 5232.88,
7461.87, 4010.15, 4200.32, 4659.26, 3425.4, 6542.8, 3511.59, 3821.9, 5019.83, 4695.09,
4455.09, 7681.08, 4125.59, 3735.79, 4938.78, 4400.93, 4384.01, 3307.43, 7202.97, 4260.22,
7139.87, 4647.76, 6328.34, 5873.26, 3938.2, 4622.62, 7959.48, 4041.41, 4182.99, 4513.94,
3196.99, 7656.57, 4584.53, 3276.34, 3805.18, 4017, 3911.17, 8231.45, 6379.84, 4194.54,
7168.98, 4143.74, 4028.97, 3818.53, 4785.43, 3289.3, 3949.66, 3854.13, 5314.83, 6345.34,
4293.13, 7476.73, 3779.77, 6738.14, 5304.58, 3897.53, 4242.86, 4218.93]
==================================================
==================================================
time horizon: 8
Benders cut: 0
Improved Benders cut: 1
Lagrangian cut: 1
Integer Optimality cut: 0
FW sample paths: 2
total iterations: 103
total time elapsed: 9778.38 seconds.
lower bounds improvement: [1776.67, 2863.64, 2979.95, 3918.61, 4016.57, 4025.83, 4074.5, 4090.47, 4114.91, 4119.2,
4120.27, 4123.01, 4125.09, 4133.25, 4133.52, 4139.66, 4140.94, 4141.34, 4142.62, 4143.21,
4145.92, 4146.42, 4146.58, 4147.73, 4148.34, 4148.42, 4148.46, 4148.5, 4149.12, 4150.41,
4150.87, 4151.36, 4151.74, 4151.9, 4152.36, 4152.74, 4152.79, 4153.18, 4154.12, 4154.42,
4154.74, 4154.88, 4155.2, 4155.36, 4155.66, 4155.74, 4155.8, 4156.01, 4156.21, 4156.24,
4156.59, 4156.77, 4156.92, 4156.97, 4157.07, 4157.21, 4157.35, 4157.37, 4157.38, 4157.55,
4157.66, 4157.79, 4157.87, 4157.96, 4158.05, 4158.08, 4158.15, 4158.19, 4158.33, 4158.5,
4158.53, 4158.54, 4158.55, 4158.62, 4158.67, 4158.68, 4158.8, 4158.84, 4158.91, 4158.92,
4158.93, 4158.95, 4158.95, 4158.97, 4158.99, 4159, 4159.3, 4159.3, 4159.35, 4159.36,
4159.37, 4159.38, 4159.39, 4159.39, 4159.4, 4159.51, 4159.51, 4159.51, 4159.51, 4159.51,
4159.51, 4159.51, 4159.57]
upper bounds improvement: [4454.97, 5321.84, 3490.41, 3516, 5713.72, 4144.49, 3810.25, 3494.77, 5178.56, 3875.93,
5159.37, 3222.74, 2845.87, 3656.96, 4761.68, 5186.61, 4032.49, 3979.34, 3664.48, 3550.46,
4331.1, 3626.96, 5224.5, 5407.71, 3897.11, 3688.35, 3425.16, 4635.47, 3711.14, 4188.06,
4010.63, 6177.9, 5032.98, 3943.12, 2763.18, 3536.74, 5163.13, 3594.74, 3798.6, 3466.68,
3607.41, 4103.76, 5118.54, 4028.47, 4489.96, 3335.77, 5164.56, 4675.72, 5113.88, 3543.1,
4423.82, 4346.41, 3837.68, 5112.41, 4615.98, 5680.36, 4131.35, 4031.44, 4233.25, 4950.5,
3648.1, 3078.38, 4131.21, 3948.86, 3865.09, 3501.5, 3707.94, 3811.6, 3789.42, 3589.12,
3957.58, 4080.73, 3558.04, 3944.87, 3500.58, 3641.35, 3929.42, 4704.96, 3533.39, 4704,
4285.61, 3609.65, 2852.25, 3143.8, 4122.87, 5336.48, 4179.98, 4628.14, 3736.51, 3755.23,
4647.34, 5172.71, 3966.8, 3910.08, 3559.95, 4224.11, 3151.05, 4980.76, 3587.66, 6501.03,
3374.04, 4418.45, 4149.58, 4227.31]
left 95% CI for the upper bound: [4016.99, 3146.1, 3455.78, 3066.03, 4466.61, 3754.09, 3248, 3072.94, 5033.66, 3160.95,
4744.91, 3040.08, 2409.07, 3365.53, 4285.61, 5120.82, 3299.65, 1946.4, 3549.62, 3496.76,
3154.74, 3357.83, 2910.55, 3178.06, 3855.95, 3505.73, 1914.45, 3535.88, 3643.11, 2834.4,
3929.69, 6153.65, 4828.14, 3024.93, 2163.07, 2570.46, 3447.41, 3223.86, 3514.15, 2957.49,
3599, 3605.64, 3838.76, 3288.24, 2048.74, 3191.53, 3946.74, 1997.56, 3120.94, 2959.99,
3041, 2934.34, 3573.54, 2266.82, 1061.17, 4105.52, 4120.87, 3461.7, 4060, 4616.45,
2433.67, 2365.35, 3603.06, 3789.26, 3831.58, 2924.18, 2528.35, 3642.3, 3552.89, 2922.25,
3268.7, 3441.02, 3012.32, 3829.23, 3064.16, 2955.47, 3901.72, 1436.29, 1739.55, 1081.22,
3082.97, 3108.86, 2225.5, 2383.79, 3606.39, 2638.81, 4066.1, 1940.22, 3548.89, 3631.83,
2981.38, 4976.59, 3709.18, 3094.49, 3073.23, 4115.89, 2110.83, 2751, 2993.38, 6337.9,
2185.69, 4327.46, 4038.64, 4176.64]
right 95% CI for the upper bound: [4892.96, 7497.59, 3525.05, 3965.97, 6960.83, 4534.89, 4372.49, 3916.6, 5323.45, 4590.91,
5573.83, 3405.41, 3282.68, 3948.4, 5237.75, 5252.39, 4765.34, 6012.27, 3779.35, 3604.17,
5507.45, 3896.08, 7538.46, 7637.37, 3938.26, 3870.97, 4935.87, 5735.06, 3779.18, 5541.72,
4091.58, 6202.15, 5237.81, 4861.31, 3363.28, 4503.02, 6878.85, 3965.62, 4083.06, 3975.87,
3615.83, 4601.88, 6398.31, 4768.7, 6931.18, 3480.02, 6382.39, 7353.89, 7106.82, 4126.22,
5806.64, 5758.47, 4101.81, 7957.99, 8170.79, 7255.2, 4141.83, 4601.18, 4406.5, 5284.55,
4862.53, 3791.42, 4659.36, 4108.46, 3898.59, 4078.83, 4887.53, 3980.89, 4025.94, 4255.98,
4646.47, 4720.45, 4103.76, 4060.51, 3936.99, 4327.23, 3957.13, 7973.63, 5327.23, 8326.78,
5488.26, 4110.44, 3479, 3903.82, 4639.34, 8034.14, 4293.85, 7316.07, 3924.13, 3878.63,
6313.29, 5368.83, 4224.41, 4725.66, 4046.67, 4332.32, 4191.27, 7210.51, 4181.94, 6664.15,
4562.4, 4509.43, 4260.51, 4277.98]
==================================================
==================================================
time horizon: 9
Benders cut: 1
Improved Benders cut: 0
Lagrangian cut: 1
Integer Optimality cut: 0
FW sample paths: 2
total iterations: 218
total time elapsed: 28851.4 seconds.
lower bounds improvement: [1329.38, 4020.13, 4189.99, 4348.35, 4441.43, 4485.41, 4632.63, 4675.13, 4675.32, 4677.28,
4681.11, 4861.6, 4910.94, 4932.61, 4944.82, 4946.3, 4947.91, 4948.82, 4950.89, 4953.95,
4956.34, 4958.5, 4965.62, 4967.28, 4969.92, 4972.5, 4980.37, 4980.97, 4982.37, 4986.31,
4988.25, 4993, 4997.86, 4998.58, 4999.71, 5000.26, 5000.98, 5001.64, 5003.95, 5009.32,
5010.58, 5011.89, 5013.81, 5014.57, 5016.01, 5017.1, 5017.3, 5018.03, 5018.63, 5019.36,
5020.08, 5020.85, 5022.54, 5023.65, 5024.29, 5024.66, 5026.9, 5027.46, 5028.58, 5029.32,
5029.43, 5029.72, 5029.97, 5031.27, 5031.59, 5032.53, 5033.04, 5033.21, 5033.26, 5033.34,
5033.61, 5033.99, 5034.83, 5035.49, 5035.78, 5036.6, 5037.46, 5038.72, 5039.15, 5039.2,
5039.42, 5039.71, 5040.08, 5040.13, 5040.63, 5040.8, 5040.89, 5041.56, 5042, 5042.23,
5042.58, 5043.88, 5044.34, 5045.02, 5045.22, 5045.62, 5045.64, 5045.95, 5046.17, 5046.21,
5046.78, 5046.96, 5047.29, 5047.63, 5048.24, 5048.65, 5048.7, 5048.85, 5049.05, 5049.11,
5049.28, 5049.78, 5050.47, 5050.59, 5051.03, 5051.11, 5051.46, 5051.67, 5051.7, 5051.72,
5051.93, 5051.97, 5052, 5052.08, 5052.08, 5052.56, 5052.56, 5052.65, 5052.67, 5052.93,
5053.05, 5053.4, 5053.49, 5053.81, 5054.18, 5054.29, 5054.47, 5054.62, 5054.66, 5054.67,
5054.79, 5054.87, 5054.94, 5055.06, 5055.19, 5055.19, 5055.37, 5055.42, 5055.43, 5055.5,
5055.54, 5055.69, 5055.77, 5055.87, 5055.88, 5055.94, 5056.04, 5056.05, 5056.14, 5056.25,
5056.27, 5056.36, 5056.44, 5056.46, 5056.62, 5056.68, 5056.81, 5056.84, 5056.89, 5056.96,
5056.98, 5057.05, 5057.07, 5057.17, 5057.2, 5057.23, 5057.3, 5057.3, 5057.33, 5057.38,
5057.43, 5057.5, 5057.54, 5057.54, 5057.54, 5057.56, 5057.62, 5057.63, 5057.66, 5057.67,
5057.69, 5057.69, 5057.76, 5057.8, 5057.8, 5057.8, 5057.8, 5057.82, 5057.82, 5057.83,
5058.43, 5058.43, 5058.44, 5058.44, 5058.46, 5058.46, 5058.5, 5058.5, 5058.5, 5058.64,
5058.64, 5058.64, 5058.64, 5058.65, 5058.65, 5058.65, 5058.65, 5058.71]
upper bounds improvement: [6231.29, 4830.43, 5049.01, 5612.68, 5507.32, 5165.58, 5349.42, 5601.7, 5837.85, 6247.83,
5388.45, 3898.45, 3820.61, 4944.19, 5885.45, 5061.72, 5658.42, 5948.65, 5586.55, 5379.33,
5042.43, 4539.78, 5479.05, 6905.56, 4520.44, 4727.59, 4933.3, 4784.45, 3946.29, 5257.83,
4039.5, 4572.25, 4567.09, 5619.82, 3832.28, 5461.43, 4893.76, 5821.48, 5025.2, 4321.23,
5102.01, 5179.19, 4979.58, 5424.37, 4291.8, 5497.87, 4238.87, 5997.82, 5020.82, 4362.68,
6209.08, 5035.51, 5857.7, 5364.48, 5077.33, 4910.54, 5876.28, 4198.83, 4151.36, 5769.11,
3410.61, 4840.56, 5783.92, 5424.22, 5985.83, 5840.27, 4203.86, 5778.89, 4958.46, 5348.89,
4523.04, 5682.36, 6284.67, 5859.27, 5105.7, 4781.14, 4618.04, 6602.32, 5419.54, 4590.09,
4727.76, 5258.77, 5475.68, 5578.95, 3941.7, 4314.1, 5317.18, 4186.04, 5830.66, 5775.94,
3745.47, 5088.04, 5930.09, 4289.18, 4938.64, 5837.7, 5698.6, 5268.38, 5822.04, 4089.93,
4318.68, 4702.52, 4598.65, 5217.78, 5643.28, 5043.22, 5401.44, 5195.26, 6109.57, 5357.37,
5905.8, 4983.98, 5848.48, 4192.46, 5032.6, 4631.25, 5776.15, 5486.79, 5051.86, 4949.72,
2998.51, 6093.27, 4333.26, 4919.01, 4427.47, 5663.12, 5138.62, 4725.9, 6063.37, 4764.01,
4866.37, 4555.33, 4647.28, 4525.9, 5638.33, 5255.71, 4665.36, 5531.33, 3938.23, 4048.5,
4678.68, 4015.68, 4750.41, 3930.22, 6106.69, 5145.63, 6812.31, 4999.29, 4932.71, 5098.17,
4001.41, 5572.34, 4912.78, 5476.87, 5377.57, 5313.65, 4622.14, 5959.53, 4001.45, 4650.78,
6047.76, 5504.95, 3613.37, 5358.21, 4682.74, 6238.44, 4571.17, 4251.89, 5632.87, 5157.29,
5214.53, 4240.66, 4997.82, 5768.18, 5801.58, 4870.97, 5423.66, 4562.26, 4990.79, 5063.88,
6822.63, 6097.42, 5633.13, 5940.39, 4692.65, 5606.46, 5123.31, 4620.11, 5339.63, 4899.33,
4268.56, 5756.01, 5438.8, 5397.8, 5053.14, 4058.98, 4951.94, 5020.5, 6513.67, 6989.69,
5057.32, 5458.37, 5563.27, 4994.55, 4832.67, 6006.33, 5759.58, 5862.42, 4809.04, 5067.72,
4075.72, 6923.91, 4358.45, 4823.73, 5319.44, 5249.57, 6179.03, 5158.62, 5055.03]
left 95% CI for the upper bound: [5652.58, 4727.63, 3315.18, 3728.51, 4229.01, 5131.75, 3904.74, 3471.87, 5826.59, 6200.16,
5013.36, 3658.47, 3355.74, 2670.97, 4924.91, 2765.34, 5097.08, 4552.42, 4484.42, 2852.72,
3141.51, 2899.61, 5373, 5825.26, 3291.5, 3090.59, 4045.04, 3483.53, 2701.91, 4810.82,
3674.22, 2874.58, 3244.36, 5501.07, 3264.04, 4921.94, 3490.82, 4699.59, 4883.8, 3187.46,
2846.43, 5163.1, 2057.6, 4628.05, 4046.94, 5198.41, 3458.02, 5801.48, 2715.53, 3474.79,
6080.27, 4561.67, 5009.85, 5005.01, 4840.62, 2181.27, 5005.49, 2728.82, 3943.36, 5465.72,
2927.2, 3339.19, 2919.87, 4799.59, 4805.45, 4793.17, 4115.4, 5356.69, 2968.96, 5178.36,
3448.97, 5166.07, 5794.7, 2870.92, 4909.42, 3582.43, 3617.48, 5380.49, 5297.44, 3004.95,
1997.94, 3711.07, 5355.7, 4137.5, 3406.16, 1834.69, 5226.47, 3618.98, 4921.61, 5399.93,
3271.36, 4655.22, 4936.13, 2184.26, 2018.71, 5767.37, 5447.27, 3218.12, 5186.61, 3650.44,
2950.9, 3095.6, 3074.16, 3625.27, 4012.84, 3205.11, 3482.83, 3489.77, 6088.63, 2623.02,
5036.15, 4726.82, 5249.93, 3882.93, 2640.37, 3818.98, 5121.77, 4636.61, 3295.3, 3758.64,
2684.83, 4624.44, 2858.38, 3227.96, 3544.17, 5483.23, 3378.92, 3239.02, 3881.34, 3324.61,
3937.81, 3794.55, 2864.02, 2391.55, 4857.79, 4654.42, 3237.3, 4268.65, 3873.02, 3545.06,
4417.76, 3855.08, 3844.44, 3722.67, 5500.74, 2649.32, 6166.28, 2707.84, 3930.75, 3554.89,
3817.52, 1767.87, 3887.17, 4998.23, 5239.16, 3284.16, 3113.45, 4749.34, 2919.68, 2951.84,
2722.26, 4576.92, 3189.22, 3107.94, 2907.5, 6123.25, 2525.81, 2477.48, 5507.84, 3124.73,
2587.6, 4124.45, 4781.92, 5682.51, 4811.28, 2785.32, 3308.36, 3158.2, 1994.45, 2615.15,
4717.57, 5981.58, 5211.27, 5582.66, 3945.82, 5481.51, 2195.04, 2398.39, 4700.97, 2492.4,
3823.03, 5709.9, 4876.91, 5278.36, 3232.18, 3982.47, 4866.97, 3737.05, 5080.13, 6323.75,
4939.75, 5092.57, 4407.8, 3041.47, 4812.45, 4798.2, 5386.67, 5517.48, 2940.1, 4954.06,
1893.07, 5825.58, 2354.41, 2906.11, 2784.16, 3795.12, 5811.33, 5043.7, 5001.51]
right 95% CI for the upper bound: [6809.99, 4933.24, 6782.85, 7496.86, 6785.63, 5199.42, 6794.1, 7731.52, 5849.12, 6295.49,
5763.54, 4138.44, 4285.48, 7217.41, 6845.99, 7358.1, 6219.75, 7344.89, 6688.69, 7905.94,
6943.36, 6179.95, 5585.1, 7985.87, 5749.39, 6364.58, 5821.57, 6085.38, 5190.67, 5704.84,
4404.77, 6269.93, 5889.82, 5738.58, 4400.52, 6000.93, 6296.71, 6943.38, 5166.6, 5454.99,
7357.6, 5195.28, 7901.56, 6220.69, 4536.66, 5797.32, 5019.71, 6194.16, 7326.11, 5250.57,
6337.89, 5509.36, 6705.55, 5723.96, 5314.04, 7639.81, 6747.06, 5668.84, 4359.35, 6072.5,
3894.02, 6341.93, 8647.96, 6048.85, 7166.22, 6887.38, 4292.33, 6201.09, 6947.96, 5519.41,
5597.1, 6198.65, 6774.65, 8847.63, 5301.99, 5979.84, 5618.6, 7824.16, 5541.64, 6175.23,
7457.58, 6806.47, 5595.65, 7020.4, 4477.25, 6793.51, 5407.88, 4753.1, 6739.72, 6151.94,
4219.59, 5520.86, 6924.04, 6394.11, 7858.57, 5908.03, 5949.92, 7318.65, 6457.46, 4529.42,
5686.45, 6309.43, 6123.14, 6810.29, 7273.73, 6881.33, 7320.05, 6900.75, 6130.5, 8091.73,
6775.46, 5241.13, 6447.02, 4502, 7424.84, 5443.52, 6430.52, 6336.98, 6808.43, 6140.8,
3312.19, 7562.1, 5808.15, 6610.05, 5310.77, 5843.01, 6898.32, 6212.79, 8245.39, 6203.41,
5794.94, 5316.11, 6430.55, 6660.24, 6418.87, 5857.01, 6093.42, 6794.01, 4003.44, 4551.94,
4939.6, 4176.27, 5656.38, 4137.78, 6712.64, 7641.93, 7458.35, 7290.73, 5934.67, 6641.45,
4185.3, 9376.8, 5938.4, 5955.5, 5515.99, 7343.13, 6130.84, 7169.73, 5083.21, 6349.72,
9373.25, 6432.99, 4037.52, 7608.48, 6457.98, 6353.63, 6616.54, 6026.29, 5757.91, 7189.86,
7841.45, 4356.87, 5213.72, 5853.86, 6791.89, 6956.62, 7538.97, 5966.32, 7987.13, 7512.61,
8927.69, 6213.26, 6054.99, 6298.11, 5439.48, 5731.41, 8051.58, 6841.83, 5978.29, 7306.26,
4714.09, 5802.13, 6000.68, 5517.25, 6874.1, 4135.48, 5036.92, 6303.96, 7947.2, 7655.63,
5174.88, 5824.17, 6718.74, 6947.62, 4852.88, 7214.45, 6132.49, 6207.35, 6677.99, 5181.38,
6258.37, 8022.24, 6362.5, 6741.36, 7854.71, 6704.02, 6546.74, 5273.53, 5108.55]
==================================================
==================================================
time horizon: 9
Benders cut: 0
Improved Benders cut: 1
Lagrangian cut: 1
Integer Optimality cut: 0
FW sample paths: 2
total iterations: 120
total time elapsed: 10656.7 seconds.
lower bounds improvement: [1670.88, 4005.09, 4039.19, 4247.74, 4386.94, 4561.19, 4773.91, 4872.07, 4887.01, 4896.94,
4972.84, 4977.01, 4990.83, 4995.53, 4998.52, 5007.14, 5008.11, 5025.21, 5026.11, 5029.86,
5031.66, 5034.39, 5034.85, 5035.21, 5035.45, 5036.68, 5036.81, 5037.06, 5038.46, 5040.01,
5040.47, 5041.73, 5041.86, 5042.38, 5042.59, 5043.74, 5043.93, 5044.7, 5045.11, 5045.92,
5046.11, 5046.58, 5046.85, 5046.94, 5047.1, 5047.64, 5048.93, 5050.27, 5051.92, 5052.06,
5052.45, 5052.59, 5053.3, 5053.45, 5053.72, 5053.84, 5054.27, 5054.31, 5054.8, 5055,
5055.08, 5055.18, 5055.22, 5055.29, 5055.65, 5055.72, 5055.84, 5056.11, 5056.27, 5056.4,
5056.5, 5056.57, 5056.58, 5056.78, 5056.98, 5057.03, 5057.08, 5057.14, 5057.17, 5057.2,
5057.23, 5057.41, 5057.44, 5057.51, 5057.64, 5057.65, 5057.7, 5057.75, 5057.76, 5057.78,
5057.79, 5057.82, 5057.84, 5057.9, 5057.97, 5057.99, 5058.02, 5058.15, 5058.16, 5058.16,
5058.2, 5058.23, 5058.28, 5058.31, 5058.33, 5058.33, 5058.34, 5058.34, 5058.35, 5058.37,
5058.58, 5058.58, 5058.6, 5058.6, 5058.6, 5058.6, 5058.6, 5058.61, 5058.61, 5058.73]
upper bounds improvement: [4090.2, 6537.67, 5449.47, 6501.49, 5839.79, 6268.81, 5855.55, 4976.31, 4781.1, 5091.52,
4005.38, 5238.81, 6061.73, 5180.19, 5572.73, 5397.09, 3759.8, 6041.44, 5056.38, 4826.12,
5739.15, 5804.48, 6798.62, 4898.54, 4319.28, 4262.21, 3697.36, 4626.16, 3391.92, 5816.44,
5406.33, 4875.62, 4802.58, 6793.96, 5403.84, 6239.74, 5550.47, 4662.3, 4190.27, 4173.98,
4349.9, 4650.98, 4673.63, 5971.58, 5320.66, 6216.22, 5752.19, 5248.53, 5963.06, 5120.29,
4836.83, 5324.11, 4359.55, 4961.77, 3764.26, 5385.37, 5678.5, 4902.8, 5239.61, 5378.64,
4835.45, 3725.6, 4835.23, 6259.47, 5346.69, 6898.72, 6133.3, 6435.13, 4819.57, 4302.31,
4190.21, 4577.81, 4717.7, 5634.84, 5252.77, 7021.71, 4404.99, 4013.56, 5884.49, 4802.18,
5686.15, 5850.84, 4807.68, 4104.2, 3613.47, 4101.58, 4543.4, 5059.35, 5671.6, 5411.44,
4099.76, 4676.18, 6189.61, 5486.26, 6579.92, 4937.53, 5188, 6819.59, 6068.61, 4713.11,
3870.94, 5681.11, 4594.68, 5020.34, 5665.65, 6307.4, 3960.74, 5457.72, 5567.49, 6025.24,
5035.63, 4838.41, 4731.3, 4868.2, 5134.66, 5509.51, 3757.99, 6128.33, 4057.08, 4986.6,
5091.31]
left 95% CI for the upper bound: [3655.58, 6402.16, 5012.32, 6223.89, 5514.95, 5727.19, 4956.74, 3174.89, 3506.43, 3062.41,
3953.54, 3274.63, 5704.58, 4015.62, 5556.46, 5388.77, 3395.21, 5183.11, 2669.8, 3275.18,
5524.51, 5514.02, 5456.12, 4306.9, 4193.93, 3217.34, 3246.04, 3696.19, 2639.21, 2781.24,
5095.84, 2178.46, 3618.52, 6251.05, 4640.51, 6158, 4372.45, 1879.79, 4127, 1846.67,
4279.23, 3092.89, 1705.1, 5841.56, 5135.18, 5876.5, 1846.66, 4524.47, 5612.19, 3962.93,
3638.93, 5203.11, 3845.31, 4850.58, 2769.61, 5219.92, 2191.28, 3184.34, 4708.48, 3257.35,
3328.34, 3029.23, 4228.62, 5306.22, 3071.04, 6305.07, 5963.07, 4656.55, 3708.59, 4049.12,
2488.07, 3640.3, 3614.12, 5455.84, 4337.44, 6114.07, 2105.98, 3809.74, 4974.89, 4122.62,
4842.92, 4870.55, 3579.37, 3850.1, 2692.25, 4095.52, 3606.66, 3604.74, 5492.53, 5289.5,
3377.78, 2801.12, 5733.49, 5047.89, 5116.17, 2840.6, 2606.91, 5637.43, 5280.43, 3580.68,
3707.79, 4640.26, 3807.82, 4681.46, 4776.01, 3743.41, 3581.06, 4429.51, 5379.09, 2739.73,
4914.67, 2764.48, 3277.13, 3889.39, 3142.36, 4496.87, 3354.92, 5615.19, 3377.08, 4872.32,
5037.37]
right 95% CI for the upper bound: [4524.82, 6673.19, 5886.62, 6779.09, 6164.64, 6810.42, 6754.36, 6777.73, 6055.76, 7120.63,
4057.23, 7202.99, 6418.89, 6344.75, 5589.01, 5405.4, 4124.39, 6899.77, 7442.96, 6377.05,
5953.79, 6094.95, 8141.12, 5490.19, 4444.63, 5307.08, 4148.68, 5556.14, 4144.63, 8851.65,
5716.81, 7572.78, 5986.64, 7336.87, 6167.17, 6321.48, 6728.48, 7444.82, 4253.54, 6501.3,
4420.57, 6209.07, 7642.16, 6101.6, 5506.15, 6555.95, 9657.73, 5972.58, 6313.94, 6277.64,
6034.73, 5445.11, 4873.79, 5072.96, 4758.91, 5550.82, 9165.72, 6621.27, 5770.74, 7499.94,
6342.57, 4421.96, 5441.83, 7212.71, 7622.33, 7492.38, 6303.52, 8213.7, 5930.55, 4555.49,
5892.36, 5515.31, 5821.28, 5813.83, 6168.11, 7929.35, 6703.99, 4217.39, 6794.09, 5481.74,
6529.39, 6831.12, 6035.98, 4358.3, 4534.68, 4107.65, 5480.15, 6513.96, 5850.66, 5533.37,
4821.73, 6551.23, 6645.72, 5924.63, 8043.66, 7034.46, 7769.1, 8001.75, 6856.79, 5845.53,
4034.09, 6721.96, 5381.54, 5359.22, 6555.29, 8871.4, 4340.41, 6485.93, 5755.89, 9310.74,
5156.59, 6912.34, 6185.46, 5847, 7126.97, 6522.15, 4161.06, 6641.47, 4737.08, 5100.88,
5145.25]
==================================================
==================================================
time horizon: 9
Benders cut: 0
Improved Benders cut: 1
Lagrangian cut: 1
Integer Optimality cut: 0
FW sample paths: 2
total iterations: 119
total time elapsed: 15800.1 seconds.
lower bounds improvement: [2541.99, 4326.34, 4535.29, 4851.97, 4952.14, 4976.08, 4989.21, 5007.29, 5009.11, 5020.72,
5021.22, 5024.37, 5025.05, 5027.55, 5028.99, 5034.82, 5038.45, 5041.1, 5042.27, 5042.67,
5043.78, 5044.04, 5044.9, 5046.49, 5046.85, 5047.93, 5048.07, 5048.27, 5048.55, 5048.58,
5049.65, 5049.82, 5050.2, 5050.38, 5050.72, 5050.91, 5051.07, 5051.5, 5051.6, 5051.73,
5051.77, 5052.03, 5052.28, 5052.37, 5052.47, 5052.51, 5052.65, 5052.82, 5052.98, 5053.06,
5053.24, 5053.31, 5053.42, 5053.51, 5053.53, 5053.64, 5053.86, 5054.15, 5054.19, 5054.23,
5054.56, 5055.09, 5055.2, 5055.28, 5055.49, 5055.78, 5055.93, 5056.08, 5056.15, 5056.23,
5056.41, 5056.44, 5056.85, 5056.93, 5056.95, 5056.98, 5057.09, 5057.17, 5057.18, 5057.3,
5057.35, 5057.4, 5057.45, 5057.52, 5057.66, 5057.69, 5057.72, 5057.74, 5057.77, 5057.85,
5057.86, 5057.87, 5057.97, 5058, 5058.04, 5058.04, 5058.04, 5058.07, 5058.08, 5058.08,
5058.08, 5058.51, 5058.52, 5058.53, 5058.54, 5058.55, 5058.55, 5058.58, 5058.59, 5058.59,
5058.71, 5058.71, 5058.71, 5058.71, 5058.71, 5058.71, 5058.72, 5058.72, 5058.86]
upper bounds improvement: [4915.73, 4701.63, 5732.33, 5770.35, 5471.68, 6133.8, 3917.31, 4664.92, 5872.02, 4686.26,
5963.51, 5966.94, 4845.47, 4892.05, 4082.79, 5032.18, 4864.59, 4606.51, 3277.49, 4784.64,
5025.64, 5820.29, 4730.48, 5046.46, 6288.48, 5523.1, 4781.08, 5474.66, 5062.93, 4690.85,
5140.4, 5790.17, 5795.2, 5865.41, 4751, 5789.57, 5247.14, 4766.02, 4293.44, 4838.76,
4002.89, 4254.1, 5639.49, 4685.59, 4168.39, 5425.86, 4167.62, 5276.49, 4151.5, 6056.44,
5558.92, 3678.35, 6447.11, 5943.89, 5734.32, 5421.28, 6117.74, 4583.64, 5962.84, 5311.67,
4918.17, 4947.51, 4501.31, 4123.33, 5784.76, 4523.92, 5698.69, 5852.75, 4392.47, 4111.14,
4418.36, 5238.8, 6220.77, 5287.44, 4602.86, 4019.97, 5427.17, 4163.77, 5398.35, 5667.88,
4986.86, 5229.58, 5058.9, 4646.3, 5074.09, 5395.87, 4149.92, 4764.45, 3954.23, 4558.45,
5743.45, 7655.55, 5227.89, 5286.23, 6157.21, 5198.52, 6309.97, 5290.57, 4883.35, 4714.66,
5149.09, 5087.55, 6026.14, 5127.96, 5952.68, 6390.21, 6193.23, 5312.33, 5447.17, 4838.29,
5151.63, 5652.56, 4368.79, 4330.46, 3500.93, 5997.58, 5402.52, 5094.84, 5074.47, 5026.43]
left 95% CI for the upper bound: [2389.86, 3967.49, 5176.13, 5034.66, 4368.11, 6073.25, 3598.6, 4296.58, 4995.88, 3137.91,
5879.49, 5568.97, 3829.01, 3254.2, 1683.39, 3504.31, 3551.75, 3976.06, 2265.17, 3769.88,
4347.71, 4664.52, 1281.85, 3114, 6247.38, 4966.82, 4034.96, 4162.93, 2324.1, 3174.92,
3304.6, 5769.13, 4756.91, 5666.58, 3091.23, 4967.16, 4854.68, 3668.88, 4132.21, 3647.53,
3401.22, 1984.62, 5116.72, 3404.08, 4120.3, 3396.99, 3902.06, 3062.53, 1885.96, 4542.55,
5428.44, 2707.85, 5831.3, 5880.4, 5297.19, 3574.56, 5813.82, 2305.03, 5596.18, 3121.32,
2793.43, 3711.66, 3510.61, 4012.86, 5001.75, 3560.72, 2721.56, 5442.19, 3230.7, 3670.66,
2884.79, 4676.61, 6016.24, 4963.74, 4138.89, 3560.7, 5238.64, 4022.84, 5180.7, 5469.14,
3608.33, 4769.89, 4123.2, 4059.33, 3274.11, 3537, 4148.49, 3923.37, 3784.93, 3488.96,
4269.67, 7316.48, 3878.73, 3889.94, 5653.22, 2694.34, 3885.73, 4530.71, 2981.58, 3370.15,
3110.27, 4975.78, 5501.22, 2713.25, 5855.22, 4491.41, 5301.71, 3117.84, 4467.56, 2713.32,
5025.11, 5299.83, 3222.04, 2744.8, 2421.27, 5749.77, 5221.2, 2627.84, 4956.17, 4973.43]
right 95% CI for the upper bound: [7441.59, 5435.78, 6288.52, 6506.04, 6575.24, 6194.34, 4236.02, 5033.26, 6748.16, 6234.62,
6047.52, 6364.91, 5861.93, 6529.9, 6482.19, 6560.05, 6177.43, 5236.96, 4289.81, 5799.4,
5703.56, 6976.05, 8179.1, 6978.93, 6329.58, 6079.37, 5527.21, 6786.38, 7801.76, 6206.78,
6976.19, 5811.21, 6833.49, 6064.24, 6410.77, 6611.99, 5639.6, 5863.16, 4454.67, 6029.99,
4604.56, 6523.58, 6162.27, 5967.09, 4216.47, 7454.73, 4433.18, 7490.45, 6417.04, 7570.33,
5689.39, 4648.86, 7062.91, 6007.38, 6171.45, 7268.01, 6421.65, 6862.25, 6329.51, 7502.03,
7042.91, 6183.36, 5492.02, 4233.8, 6567.77, 5487.12, 8675.81, 6263.31, 5554.24, 4551.63,
5951.94, 5800.99, 6425.3, 5611.13, 5066.83, 4479.24, 5615.7, 4304.69, 5616.01, 5866.63,
6365.39, 5689.26, 5994.59, 5233.27, 6874.07, 7254.74, 4151.35, 5605.53, 4123.54, 5627.93,
7217.23, 7994.62, 6577.05, 6682.51, 6661.2, 7702.71, 8734.22, 6050.43, 6785.13, 6059.17,
7187.91, 5199.32, 6551.07, 7542.68, 6050.14, 8289.02, 7084.76, 7506.82, 6426.77, 6963.26,
5278.15, 6005.29, 5515.54, 5916.12, 4580.59, 6245.39, 5583.83, 7561.84, 5192.76, 5079.43]
