==================================================
==================================================
time horizon: 6
Benders cut: 1
Improved Benders cut: 0
FW sample paths: 2
total iterations: 88
total time elapsed: 502.43 seconds.
lower bounds improvement: [1683.01, 2126.48, 2710.91, 2772.92, 2913.25, 2932.53, 2933.07, 2936.69, 2936.81, 2937.74,
2938.03, 2938.03, 2938.81, 2939.83, 2940.22, 2940.65, 2941.18, 2941.78, 2942.86, 2942.99,
2943.09, 2945.08, 2945.8, 2946.49, 2948.39, 2948.81, 2950.16, 2951.34, 2952.42, 2953.49,
2953.74, 2955.07, 2955.31, 2957.07, 2957.4, 2958.19, 2958.34, 2959.16, 2959.96, 2960.04,
2960.07, 2960.24, 2960.31, 2960.94, 2961.13, 2961.39, 2961.43, 2961.51, 2961.58, 2962.08,
2962.56, 2962.63, 2962.82, 2963.1, 2963.34, 2963.53, 2963.7, 2963.85, 2963.91, 2964.01,
2964.01, 2964.01, 2964.02, 2964.02, 2964.02, 2964.1, 2964.11, 2964.11, 2965.59, 2965.59,
2965.64, 2965.69, 2966.06, 2966.49, 2966.55, 2966.57, 2966.65, 2966.79, 2966.85, 2966.96,
2966.96, 2966.96, 2966.96, 2966.96, 2966.96, 2966.96, 2966.96, 2967.01]
upper bounds improvement: [3168.86, 3322.83, 3900.27, 3207.95, 3009.44, 3052.15, 2686.68, 3044.12, 2867.34, 2859.05,
3036.82, 2579.88, 2753.51, 2691.02, 3084.67, 3122.1, 2730.48, 3112.96, 2915.49, 3391.02,
2203.81, 2082.88, 3212.69, 2715.49, 3555.89, 2631.21, 2777.86, 3361.04, 3277.6, 2902.24,
3993.05, 3452.13, 2845.64, 2612.44, 3297.95, 2544.45, 2616.09, 3189.96, 3362.25, 3070.95,
2664, 1862.7, 2962.67, 2259.33, 3966.17, 3265.5, 2939.72, 2361.26, 2703.36, 3295.75,
3341.65, 3082.56, 2767.68, 2601.02, 3015.62, 3067.43, 2440.93, 2659.11, 2300.58, 2867.91,
2732.26, 3202.32, 2966.41, 2698.84, 2962.04, 2638.36, 3303.53, 2719.2, 2972.11, 2766.3,
2611.31, 2476.79, 3099.74, 2374.67, 2844.26, 2635.69, 3534.91, 2460.41, 3277.84, 3076.72,
2881.96, 2850.34, 3296.93, 3285.09, 2679.8, 2531.04, 3672.91, 3018.47, 2944.28]
left 95% CI for the upper bound: [1604.45, 2986.25, 2472.33, 2488.07, 1602.77, 2701.72, 2260.83, 2652, 2857.73, 2777.53,
2247.49, 2345.1, 2447.51, 2288.15, 2684.69, 2537.04, 2476.48, 2738.06, 1902.53, 2361,
1823.25, 1761.62, 1734.98, 2537.35, 2990.44, 1244.68, 2249.32, 2140.94, 1743.17, 2100.56,
3814.85, 2585.01, 2552.25, 2260.39, 3212.28, 1732.15, 2579.85, 1739.45, 2537.73, 2356.39,
2281.49, 1558.12, 2178.77, 1506.15, 3864.71, 1639.07, 2912.32, 1361.03, 2240.93, 1762.3,
3325.57, 1499.8, 1789.02, 2454.05, 2524.8, 2674.73, 1921.61, 2602.67, 1224.33, 2800.23,
2557.56, 1949.72, 870.456, 2389.46, 2218.15, 2518.94, 1958.49, 2344.42, 2903.45, 2456.87,
2081.87, 2301.09, 2731.86, 1390.77, 2538.9, 2181.16, 2846.65, 2378.82, 1995.75, 2322.08,
2881.85, 1841.12, 3194.23, 2054.78, 1568.22, 1863.13, 3097.11, 2950.81, 2913.42]
right 95% CI for the upper bound: [4733.26, 3659.41, 5328.21, 3927.83, 4416.1, 3402.58, 3112.53, 3436.25, 2876.94, 2940.57,
3826.16, 2814.66, 3059.5, 3093.9, 3484.66, 3707.15, 2984.48, 3487.86, 3928.44, 4421.03,
2584.37, 2404.14, 4690.39, 2893.62, 4121.33, 4017.74, 3306.39, 4581.13, 4812.03, 3703.92,
4171.25, 4319.24, 3139.03, 2964.49, 3383.63, 3356.75, 2652.32, 4640.47, 4186.77, 3785.52,
3046.52, 2167.27, 3746.57, 3012.52, 4067.62, 4891.93, 2967.12, 3361.49, 3165.8, 4829.2,
3357.72, 4665.32, 3746.34, 2748, 3506.44, 3460.14, 2960.25, 2715.55, 3376.82, 2935.59,
2906.97, 4454.92, 5062.37, 3008.21, 3705.92, 2757.78, 4648.57, 3093.97, 3040.76, 3075.72,
3140.74, 2652.49, 3467.63, 3358.57, 3149.63, 3090.21, 4223.17, 2542, 4559.92, 3831.35,
2882.08, 3859.56, 3399.64, 4515.4, 3791.38, 3198.94, 4248.71, 3086.14, 2975.14]
==================================================
==================================================
time horizon: 6
Benders cut: 1
Improved Benders cut: 0
FW sample paths: 2
total iterations: 52
total time elapsed: 361.167 seconds.
lower bounds improvement: [1071.1, 2291.15, 2817.47, 2837.42, 2902.37, 2927.22, 2928.46, 2935.19, 2936.08, 2936.17,
2941.97, 2942.15, 2942.18, 2942.68, 2943.01, 2943.2, 2943.46, 2944.45, 2944.66, 2945.09,
2945.53, 2945.89, 2946.51, 2946.51, 2946.92, 2946.98, 2947, 2947.05, 2947.08, 2947.08,
2947.23, 2947.57, 2947.57, 2947.57, 2947.57, 2947.58, 2947.58, 2947.58, 2947.58, 2947.58,
2947.8, 2947.89, 2947.94, 2948.07, 2948.1, 2948.1, 2948.1, 2948.1, 2948.1, 2948.1,
2948.1, 2948.1]
upper bounds improvement: [3129.34, 3935.53, 3297.13, 3284.18, 2899.66, 2564.61, 3219.25, 3080.55, 2879.85, 2727.53,
2605.16, 3595.07, 3254.64, 2639.33, 3894.64, 2645.48, 2372.99, 2760.93, 2934.7, 3131.64,
2522.36, 2278.19, 3037.54, 2883.32, 3990.52, 3208.99, 2921.45, 2986.26, 2214.81, 3339.29,
2693.6, 2814.68, 2794.37, 2937.31, 2577.15, 2770.19, 3642.82, 2569.87, 3235.53, 3396.67,
3001.95, 2391.15, 3379.7, 3917.3, 3236.3, 2283.28, 2720.54, 2734.69, 2554.25, 3055.25,
2221.37, 2966.13, 2961.89]
left 95% CI for the upper bound: [1565.49, 3933.73, 1835.95, 3229.58, 2693.96, 2377.14, 1725.39, 1506.32, 2034.3, 2276.76,
2260.79, 2945.43, 3204.71, 1341.85, 3868.94, 2213.09, 2348.6, 2695.59, 2359.87, 2713.95,
2100.13, 2136.82, 1292.43, 2069.76, 3947.24, 1591.49, 1995.74, 1118.54, 2034.52, 3281,
2514.04, 1968.84, 1872.36, 2233.4, 2294.65, 1970.44, 2893.03, 2505.89, 3064.78, 2198.8,
2930.78, 2231.27, 2396.72, 3899.47, 1599.7, 1997.17, 1572.39, 2509.18, 2430.98, 2524.16,
1861.44, 2894.29, 2929.29]
right 95% CI for the upper bound: [4693.19, 3937.33, 4758.3, 3338.78, 3105.37, 2752.08, 4713.11, 4654.78, 3725.4, 3178.3,
2949.54, 4244.71, 3304.57, 3936.8, 3920.35, 3077.86, 2397.38, 2826.28, 3509.54, 3549.33,
2944.59, 2419.56, 4782.65, 3696.88, 4033.79, 4826.5, 3847.15, 4853.98, 2395.09, 3397.58,
2873.16, 3660.52, 3716.39, 3641.22, 2859.64, 3569.94, 4392.62, 2633.86, 3406.27, 4594.55,
3073.12, 2551.03, 4362.68, 3935.13, 4872.91, 2569.38, 3868.69, 2960.19, 2677.51, 3586.34,
2581.3, 3037.97, 2994.48]
==================================================
==================================================
time horizon: 6
Benders cut: 1
Improved Benders cut: 0
FW sample paths: 2
total iterations: 73
total time elapsed: 542.129 seconds.
lower bounds improvement: [1820.45, 2418.56, 2631.94, 2656.57, 2836.58, 2871.01, 2876.23, 2890.44, 2890.77, 2898.34,
2901.78, 2901.99, 2902.68, 2902.88, 2903.02, 2903.1, 2903.1, 2903.6, 2903.86, 2905.34,
2906.72, 2908.16, 2909.5, 2909.65, 2910.6, 2910.66, 2911.33, 2911.47, 2911.95, 2912.65,
2913.28, 2913.6, 2913.62, 2913.88, 2914.4, 2914.71, 2914.83, 2914.83, 2914.83, 2914.83,
2914.83, 2914.83, 2915.05, 2915.15, 2915.48, 2915.61, 2915.93, 2915.97, 2916.11, 2916.23,
2916.35, 2916.52, 2916.55, 2916.97, 2917.12, 2917.13, 2917.34, 2917.45, 2917.49, 2917.49,
2917.49, 2917.49, 2917.52, 2917.58, 2917.58, 2917.58, 2917.68, 2917.68, 2917.68, 2917.68,
2917.68, 2917.68, 2917.71]
upper bounds improvement: [2426.54, 3088.74, 2581.46, 3937.57, 2896.39, 3061.22, 2265.27, 1931.36, 3453.64, 3526.75,
3085.81, 2855.56, 2579.08, 2884.23, 2677.82, 2689.12, 3283.1, 3227.41, 3099.49, 3205.23,
2834.86, 2726.24, 2462.88, 3040.24, 3627.25, 3131.6, 2812.41, 2868.78, 2639.95, 2460.56,
2918.14, 3689.08, 2695.45, 2693.36, 3194.42, 2449.48, 3022.41, 3362.46, 2439.3, 2663.01,
2601.55, 2816.43, 3020.8, 3457.4, 2795.73, 2833.48, 2589.38, 2805.82, 2524.98, 2526.19,
3056.5, 2115.48, 2913.8, 3575.02, 3057.54, 2797.36, 2874.43, 2393.83, 2542.56, 2559.56,
3295.94, 2553.23, 1973.39, 3101.97, 3282.53, 2867.57, 2894.39, 3306.58, 2415.33, 2597.74,
3404.46, 2412.16, 2976.78, 2924.42]
left 95% CI for the upper bound: [1322.11, 2335.78, 1722.9, 3891.89, 2388.2, 2953.52, 1921.16, 1904.34, 3346.06, 2464.92,
2141.67, 1637.4, 1671.39, 2389.06, 1740.23, 1119.14, 2998.82, 2731.85, 3017.61, 2689.38,
2556.13, 2128.46, 2001.68, 2952.46, 2472.61, 2934.96, 2316.1, 2772.7, 1391.51, 920.423,
2486.96, 3618.23, 2087.76, 786.514, 2992.19, 1397.22, 2788.27, 2732.66, 2172.92, 1409.42,
1639.33, 2482.64, 2014.4, 2787.14, 1202.85, 2453.73, 2492.49, 1836.19, 957.845, 1675.46,
2240.04, 2066.15, 1170.85, 3224.41, 2184.04, 2589.74, 1297.79, 1919.64, 1684.17, 1682.24,
3259.6, 1515.63, 1641.28, 3054.13, 2774.13, 2805.95, 2828.33, 2789.69, 1862.64, 1583.98,
3133.31, 2007.06, 2911.66, 2894.37]
right 95% CI for the upper bound: [3530.98, 3841.69, 3440.03, 3983.26, 3404.59, 3168.91, 2609.38, 1958.38, 3561.23, 4588.57,
4029.95, 4073.72, 3486.76, 3379.41, 3615.4, 4259.11, 3567.39, 3722.96, 3181.36, 3721.09,
3113.6, 3324.03, 2924.09, 3128.02, 4781.89, 3328.24, 3308.71, 2964.86, 3888.4, 4000.7,
3349.33, 3759.94, 3303.15, 4600.2, 3396.64, 3501.73, 3256.56, 3992.26, 2705.67, 3916.6,
3563.77, 3150.23, 4027.21, 4127.65, 4388.61, 3213.24, 2686.28, 3775.46, 4092.12, 3376.91,
3872.95, 2164.82, 4656.75, 3925.64, 3931.05, 3004.97, 4451.08, 2868.02, 3400.95, 3436.88,
3332.28, 3590.83, 2305.49, 3149.8, 3790.92, 2929.18, 2960.45, 3823.48, 2968.02, 3611.5,
3675.62, 2817.26, 3041.9, 2954.47]
==================================================
==================================================
time horizon: 6
Benders cut: 1
Improved Benders cut: 0
FW sample paths: 2
total iterations: 76
total time elapsed: 1087.17 seconds.
lower bounds improvement: [1004.48, 2722.44, 2804.44, 2823.31, 2845.67, 2902, 2911.28, 2935.1, 2955.29, 2957.24,
2963.04, 2963.99, 2964.19, 2965.47, 2972.29, 2972.3, 2972.45, 2972.61, 2972.8, 2973.68,
2973.86, 2974.69, 2975.36, 2975.85, 2975.94, 2976.51, 2978.79, 2980.99, 2981.83, 2982.16,
2982.28, 2982.29, 2982.86, 2983.15, 2983.37, 2983.37, 2983.91, 2983.98, 2984.68, 2984.72,
2984.77, 2984.77, 2985.45, 2985.53, 2985.65, 2985.73, 2985.8, 2985.94, 2986.1, 2986.2,
2986.2, 2986.22, 2986.22, 2986.23, 2986.24, 2986.25, 2986.25, 2987, 2987, 2987,
2987, 2987, 2987, 2987.01, 2987.01, 2987.02, 2987.22, 2987.22, 2987.23, 2987.23,
2987.23, 2987.23, 2987.23, 2987.23, 2987.23, 2987.26]
upper bounds improvement: [3635.74, 3485.72, 3128.86, 3399.89, 3865.58, 2653.11, 3562.32, 2971.34, 3626.29, 2277.34,
2460.46, 2987.87, 2894.45, 2639.81, 3065.24, 2244.76, 3285.53, 3134.98, 3498.01, 3228.98,
3524.29, 3178.17, 2450.05, 2928.53, 2302.82, 2819.82, 2527.35, 2774.21, 3379.44, 3282.96,
2413.83, 3412.2, 3237.96, 3229.85, 2475.98, 2765.43, 3165.14, 3059.04, 2586, 2741.18,
2383.28, 2150.72, 3339.98, 3357.94, 2827.17, 2973.04, 3623.13, 2599.07, 2569.33, 2618.7,
2340.61, 3212.09, 3527.13, 3012.25, 3213.56, 2625.6, 2513.18, 2972.06, 3199.92, 2851.93,
2795.49, 3237.55, 3317.87, 2191.04, 2842.58, 3638.19, 3035.4, 2896.55, 2470.53, 2685.61,
3035.14, 3058.79, 2319.65, 2893.92, 2520.33, 2961.76, 3000.15]
left 95% CI for the upper bound: [3042.53, 3478.89, 1277.51, 2063.22, 3758.48, 2079.72, 2211.47, 2431.88, 3242.54, 1540.22,
1701.72, 2395.05, 2101.71, 2360.09, 1904.98, 1880.09, 2212.66, 2665.2, 2798.6, 2705,
2974.37, 2361.64, 1707.28, 1543.88, 1829.43, 1330.91, 1529.52, 1775.39, 2628.36, 2542.21,
1650.1, 2251.13, 2636.23, 2744.93, 2165.51, 1599.25, 2224.16, 2819.96, 2390.02, 1282.06,
1527.54, 1307.6, 2369.43, 2053.41, 2742.16, 2581.83, 3518.26, 2127.82, 2342.66, 2483.51,
2039.6, 3077.16, 3088.81, 1822.41, 1872.63, 2559.23, 2300.74, 2904.26, 2989.1, 2830.65,
2104.93, 3094, 2990.02, 1573.36, 2645.9, 3001.52, 2975.79, 2747.99, 1940.97, 2606.71,
1860.51, 2726.96, 2195.3, 1487.71, 958.814, 2896.61, 2972.15]
right 95% CI for the upper bound: [4228.94, 3492.55, 4980.2, 4736.56, 3972.67, 3226.5, 4913.16, 3510.79, 4010.05, 3014.46,
3219.2, 3580.68, 3687.2, 2919.53, 4225.5, 2609.42, 4358.41, 3604.76, 4197.41, 3752.96,
4074.22, 3994.7, 3192.83, 4313.17, 2776.2, 4308.74, 3525.18, 3773.02, 4130.51, 4023.7,
3177.57, 4573.28, 3839.69, 3714.77, 2786.46, 3931.61, 4106.13, 3298.12, 2781.99, 4200.3,
3239.02, 2993.83, 4310.52, 4662.47, 2912.18, 3364.24, 3728, 3070.31, 2796, 2753.89,
2641.61, 3347.03, 3965.45, 4202.09, 4554.48, 2691.98, 2725.62, 3039.87, 3410.73, 2873.21,
3486.04, 3381.09, 3645.72, 2808.72, 3039.26, 4274.87, 3095, 3045.1, 3000.08, 2764.52,
4209.78, 3390.61, 2444, 4300.13, 4081.84, 3026.91, 3028.15]
==================================================
==================================================
time horizon: 6
Benders cut: 1
Improved Benders cut: 1
FW sample paths: 2
total iterations: 57
total time elapsed: 862.255 seconds.
lower bounds improvement: [1241.92, 2481.57, 2818.39, 2826.78, 2906.8, 2928.74, 2937.07, 2946.4, 2951.25, 2962.55,
2963.61, 2972.44, 2972.44, 2974.09, 2974.97, 2978.16, 2980.45, 2980.71, 2981.03, 2981.48,
2982.14, 2983.68, 2984.1, 2985.42, 2985.54, 2985.78, 2985.94, 2986.01, 2986.34, 2986.44,
2986.52, 2986.59, 2986.66, 2986.67, 2986.67, 2986.73, 2986.77, 2986.81, 2986.84, 2986.87,
2986.9, 2986.94, 2986.94, 2986.97, 2986.97, 2986.97, 2986.97, 2987.28, 2987.28, 2987.28,
2987.28, 2987.28, 2987.28, 2987.28, 2987.28, 2987.28, 2987.29]
upper bounds improvement: [2236.3, 2998.32, 3036.92, 3650.55, 3447.72, 3431.81, 3005.51, 3779.79, 3105.67, 2113.8,
2851.83, 2796.86, 2626.52, 2936.89, 3422.19, 2884.4, 3104.37, 3271.14, 3457.78, 3054.62,
3759.15, 3333.17, 2999.43, 3164.99, 3779.1, 2537.54, 3639.97, 2866.34, 2388.12, 2826.54,
2408.5, 3384.89, 3009.89, 2901.46, 3117.11, 2688.74, 3072.49, 2708.96, 2640.14, 2845.76,
2295.8, 3779.6, 2909.19, 2961.95, 3599.05, 2962.71, 2923.65, 2957.6, 3304.67, 2688.65,
3340.45, 2354.69, 3830.42, 3228.81, 2612.62, 2911, 2969.9, 3006.08]
left 95% CI for the upper bound: [1844.16, 2211.05, 1649.69, 3330.37, 3191.17, 3333.29, 1915.22, 3630.92, 548.053, 1902.8,
2738.84, 2775.78, 2245.03, 2461.49, 3320.25, 2684.33, 2578.45, 2899.82, 3146.24, 2350.28,
3655.28, 2129.9, 2324.09, 2746.04, 3729.76, 2487.62, 2939.46, 2466.08, 2033.51, 2469.22,
1744.3, 3340.21, 1860.72, 2576.12, 1814.17, 2257.75, 2598.22, 2308.14, 1666.47, 2136.94,
2010.51, 3276.41, 2377.64, 1464.71, 3173.37, 1329.73, 2380.44, 2895.7, 2120.11, 2349.67,
2469.81, 1904.19, 3683.74, 2519.55, 891.322, 2859.96, 2907.29, 2978.33]
right 95% CI for the upper bound: [2628.44, 3785.58, 4424.14, 3970.72, 3704.26, 3530.33, 4095.8, 3928.67, 5663.3, 2324.8,
2964.81, 2817.93, 3008.01, 3412.3, 3524.12, 3084.46, 3630.29, 3642.45, 3769.31, 3758.96,
3863.01, 4536.44, 3674.77, 3583.94, 3828.43, 2587.46, 4340.49, 3266.61, 2742.72, 3183.85,
3072.7, 3429.58, 4159.06, 3226.8, 4420.05, 3119.73, 3546.77, 3109.77, 3613.81, 3554.59,
2581.1, 4282.79, 3440.74, 4459.2, 4024.72, 4595.69, 3466.86, 3019.5, 4489.23, 3027.63,
4211.09, 2805.2, 3977.1, 3938.06, 4333.91, 2962.05, 3032.5, 3033.84]
==================================================
==================================================
time horizon: 6
Benders cut: 1
Improved Benders cut: 0
FW sample paths: 2
total iterations: 85
total time elapsed: 864.01 seconds.
lower bounds improvement: [1825.64, 2514.33, 2729.36, 2734.12, 2752.3, 2763.49, 2766.44, 2783.06, 2790.54, 2812.51,
2819.53, 2823.75, 2826.9, 2827.93, 2831.58, 2831.78, 2832.36, 2832.55, 2832.99, 2833.07,
2833.25, 2833.43, 2833.48, 2833.58, 2833.71, 2833.71, 2833.92, 2834.55, 2834.82, 2835.19,
2835.49, 2835.82, 2836.15, 2836.85, 2837.16, 2837.28, 2838.35, 2838.61, 2839.2, 2839.85,
2840.88, 2841.12, 2841.25, 2841.57, 2841.57, 2842.31, 2843.02, 2843.14, 2843.56, 2844.02,
2844.02, 2844.34, 2844.36, 2844.37, 2844.66, 2844.67, 2844.73, 2844.83, 2845.02, 2845.4,
2845.6, 2846.04, 2846.48, 2846.48, 2846.59, 2846.79, 2846.85, 2846.85, 2847.08, 2847.18,
2847.18, 2847.4, 2847.64, 2847.68, 2847.69, 2847.72, 2847.79, 2847.82, 2847.83, 2847.84,
2847.84, 2847.85, 2847.85, 2847.85, 2847.93]
upper bounds improvement: [3303.23, 2818.37, 2461.19, 2658.68, 3471.96, 3225.55, 2571.21, 1884.62, 2660.22, 3225.77,
2821.52, 3298.93, 3260.47, 2732.52, 3763.16, 2719.83, 3607.54, 3371.56, 2445.95, 2705.35,
3271.43, 2507.93, 3201.22, 3782.21, 3205.8, 3064.18, 2729.85, 3736.09, 2656.13, 2309.47,
3409.39, 2502.26, 3015.16, 2470.22, 3409.12, 3662.81, 2575.32, 2609.24, 2346.93, 2611.66,
3558.91, 2670.8, 2128.85, 2520.55, 3449.29, 3483.42, 3281.19, 3448.54, 2582.74, 3069.93,
2378.59, 2248.34, 2843.56, 2602.65, 3270.65, 3181.86, 3468.34, 3006.16, 2961.07, 2982.27,
2963.64, 2615.38, 3555.08, 2829.5, 3206.23, 3313.12, 3224.52, 2741.47, 3067.1, 3121.27,
3138.2, 3527.37, 2417.32, 3715.03, 3029.77, 2845.57, 3630.12, 3750.77, 2788.57, 2843.71,
2584.93, 3396.26, 2415.69, 2585.49, 2868.4, 2842.13]
left 95% CI for the upper bound: [2694.85, 1778.95, 2311.96, 1996.6, 2769.01, 2964.09, 2133.93, 1427.23, 2585.91, 2833.03,
2369.97, 2599.35, 2444.59, 2623.7, 2962.9, 2000.32, 3527.75, 2587.12, 1485.52, 2102.53,
2048.26, 2264.91, 1914.37, 3705.71, 2925.73, 1675.24, 2519.01, 3599.49, 1629.82, 1385.21,
2738.82, 1420.33, 2780.07, 1077.37, 2816.06, 3328.24, 2524.02, 2028.02, 1666.1, 1810.68,
3167.81, 1756.58, 1464.26, 1484.11, 2244.11, 3207.7, 2241.94, 2811.19, 2424.06, 3023.33,
1967.9, 923.092, 2797.98, 2473.06, 2427.8, 2061.35, 2888.75, 2389.83, 2408.38, 1331.25,
2813.18, 1839.91, 3311.24, 2394.82, 2202.96, 2578.51, 2017.73, 2116.41, 1737.89, 1644.16,
2694.84, 2656.25, 2131.91, 3525.84, 2727.54, 2496.16, 3612, 3496.91, 1316.34, 2473.76,
2528.92, 2744.67, 1863.23, 2375.03, 2803.33, 2813.43]
right 95% CI for the upper bound: [3911.62, 3857.78, 2610.42, 3320.76, 4174.91, 3487.02, 3008.49, 2342.02, 2734.54, 3618.5,
3273.06, 3998.5, 4076.34, 2841.35, 4563.42, 3439.35, 3687.33, 4156, 3406.39, 3308.18,
4494.6, 2750.95, 4488.08, 3858.71, 3485.86, 4453.12, 2940.7, 3872.68, 3682.44, 3233.74,
4079.96, 3584.2, 3250.25, 3863.07, 4002.18, 3997.38, 2626.62, 3190.46, 3027.76, 3412.64,
3950.01, 3585.02, 2793.43, 3557, 4654.48, 3759.15, 4320.44, 4085.89, 2741.41, 3116.54,
2789.28, 3573.59, 2889.13, 2732.25, 4113.5, 4302.37, 4047.93, 3622.5, 3513.75, 4633.28,
3114.1, 3390.84, 3798.92, 3264.19, 4209.49, 4047.72, 4431.32, 3366.52, 4396.32, 4598.38,
3581.56, 4398.49, 2702.73, 3904.23, 3331.99, 3194.97, 3648.25, 4004.62, 4260.8, 3213.66,
2640.94, 4047.86, 2968.15, 2795.95, 2933.47, 2870.83]
==================================================
==================================================
time horizon: 6
Benders cut: 1
Improved Benders cut: 0
FW sample paths: 2
total iterations: 74
total time elapsed: 1492.1 seconds.
lower bounds improvement: [1588.33, 2642.95, 2689.69, 2698.54, 2789.83, 2850.99, 2872.63, 2875.77, 2876.35, 2877.67,
2887.05, 2888.78, 2891.06, 2893.28, 2894.18, 2894.4, 2897.41, 2897.43, 2897.86, 2898.16,
2898.31, 2898.91, 2900.01, 2900.68, 2901.38, 2902.02, 2903.26, 2903.45, 2903.92, 2904.41,
2904.67, 2905.13, 2905.32, 2905.35, 2905.67, 2905.67, 2905.69, 2905.7, 2906.14, 2906.15,
2906.31, 2906.32, 2906.4, 2906.49, 2906.53, 2906.71, 2906.72, 2906.75, 2906.75, 2906.8,
2906.82, 2906.83, 2906.84, 2906.87, 2907.02, 2907.06, 2907.13, 2907.13, 2907.13, 2907.16,
2907.18, 2907.18, 2907.21, 2907.21, 2907.79, 2907.8, 2907.81, 2907.81, 2907.81, 2907.81,
2907.81, 2907.81, 2907.81, 2907.82]
upper bounds improvement: [2606.17, 2512.35, 3768.8, 3372.26, 3569.18, 2171.57, 3657.74, 3254.18, 3012.01, 3143.13,
3036.6, 2836.93, 2511.75, 3177.97, 3194.82, 3153.21, 2856.17, 2203.44, 3501.84, 2162.52,
2603.94, 3174.6, 2456.26, 2954.19, 2982.57, 3328.78, 2463.12, 3607.06, 1923.03, 2436.61,
2725.89, 2828.97, 3466.01, 2723.16, 2655.06, 2468.13, 2581.28, 1850.74, 3517.54, 3401.63,
2863.41, 2418.17, 2301.05, 2901.42, 2639.49, 2841.79, 3301.78, 3611.84, 3525.37, 3083.22,
2729.55, 2962.43, 2897.7, 2608.03, 3732.45, 3583.7, 3177.32, 2707.39, 2314.87, 2321.36,
2834.66, 2884.94, 2951.66, 3244.81, 2917.41, 2739.79, 3148.18, 2376.22, 2702.4, 3656.8,
3238.93, 2735.69, 3634.46, 2910.13, 2878.76]
left 95% CI for the upper bound: [1230.38, 2353.09, 3572.3, 2993.59, 1607.91, 1268.56, 3405.3, 3058, 2363.28, 2537.41,
1884.98, 1370.17, 2311.68, 1997.45, 2614.36, 2720.08, 1451.54, 986.382, 3091.31, 1395.71,
1075.44, 2750.89, 955.185, 1782.33, 1873.19, 3219.58, 2163.12, 3371.04, 1736.33, 2435.21,
2315.45, 2051.58, 3272.4, 2435.28, 2351.31, 2397.05, 1486.88, 1632.53, 3369.14, 3127.16,
2284.27, 1148.23, 2055.34, 2044.98, 1636.69, 2758.92, 2947.11, 3396.06, 2721.16, 2160.2,
2589.95, 2344.58, 1898.56, 2486.05, 3204.94, 3343.58, 2917.36, 1645.57, 1316.25, 2185.09,
2204.24, 2176.44, 2073.86, 2377.75, 2851.36, 1460.29, 2397.79, 1877.58, 1297.95, 3434.4,
2994.02, 1992.24, 3464.77, 2845.77, 2848.8]
right 95% CI for the upper bound: [3981.96, 2671.61, 3965.29, 3750.93, 5530.46, 3074.59, 3910.18, 3450.37, 3660.74, 3748.85,
4188.23, 4303.7, 2711.82, 4358.49, 3775.27, 3586.35, 4260.79, 3420.5, 3912.36, 2929.33,
4132.45, 3598.3, 3957.34, 4126.04, 4091.95, 3437.97, 2763.11, 3843.08, 2109.73, 2438.01,
3136.34, 3606.37, 3659.62, 3011.04, 2958.81, 2539.2, 3675.68, 2068.95, 3665.95, 3676.1,
3442.54, 3688.11, 2546.76, 3757.86, 3642.29, 2924.67, 3656.45, 3827.63, 4329.57, 4006.25,
2869.15, 3580.28, 3896.85, 2730.01, 4259.97, 3823.82, 3437.28, 3769.2, 3313.48, 2457.63,
3465.07, 3593.43, 3829.45, 4111.87, 2983.47, 4019.29, 3898.56, 2874.85, 4106.85, 3879.2,
3483.85, 3479.13, 3804.14, 2974.5, 2908.73]
==================================================
==================================================
time horizon: 6
Benders cut: 1
Improved Benders cut: 1
FW sample paths: 2
total iterations: 42
total time elapsed: 169.639 seconds.
lower bounds improvement: [1438.96, 2062.77, 2268.48, 2466, 2477.41, 2500.13, 2507.48, 2536.29, 2536.66, 2550.18,
2550.73, 2550.73, 2551.28, 2551.34, 2571.56, 2573.06, 2579.54, 2579.82, 2581.52, 2583.35,
2583.75, 2587.42, 2587.58, 2587.74, 2587.77, 2590.67, 2590.8, 2590.8, 2590.92, 2591.04,
2591.04, 2591.22, 2591.47, 2591.47, 2591.47, 2591.47, 2591.47, 2591.47, 2591.47, 2591.47,
2591.47, 2591.47]
upper bounds improvement: [2155.76, 3016.16, 3196.67, 2603.67, 3064.44, 2478.95, 2946.91, 2629.11, 2341.74, 2842.87,
2662.45, 3018.07, 2384.77, 2144.41, 2417.89, 3020.17, 2576.13, 2463.16, 2159.79, 1946,
2726.26, 2922.65, 2078.99, 2292.61, 2596.19, 2493.41, 2463.29, 2046.76, 2552.37, 2862.41,
3023.96, 2197.45, 2940.19, 2404.08, 2630.69, 2320.71, 2160.09, 2448, 2576.28, 2349.22,
2172.34, 2560.96, 2597.19]
left 95% CI for the upper bound: [2154.66, 2796.26, 2625.07, 2048.05, 2798.65, 1777.78, 2785.89, 1998.22, 2299.24, 2762.9,
1997.73, 2922.51, 1317.23, 1676.08, 1562.56, 2831.41, 2115.01, 1708.11, 1954.31, 1836.93,
1961.43, 2893.19, 1540.77, 1236.58, 1998.49, 1535.44, 1558.47, 1825.19, 1822.16, 2786.5,
3017.19, 2013.61, 2904.87, 1228.68, 1968.51, 1300.49, 2111.01, 1488.25, 1807.43, 2326.46,
2144.1, 2512.57, 2576.27]
right 95% CI for the upper bound: [2156.86, 3236.06, 3768.26, 3159.29, 3330.23, 3180.13, 3107.92, 3259.99, 2384.24, 2922.84,
3327.18, 3113.63, 3452.3, 2612.74, 3273.21, 3208.93, 3037.25, 3218.22, 2365.28, 2055.07,
3491.09, 2952.1, 2617.22, 3348.63, 3193.88, 3451.38, 3368.1, 2268.33, 3282.58, 2938.31,
3030.73, 2381.28, 2975.52, 3579.49, 3292.88, 3340.94, 2209.18, 3407.76, 3345.12, 2371.97,
2200.57, 2609.35, 2618.11]
==================================================
==================================================
time horizon: 6
Benders cut: 1
Improved Benders cut: 1
FW sample paths: 2
total iterations: 111
total time elapsed: 549.866 seconds.
lower bounds improvement: [1211.73, 3094.11, 3212.98, 3226.26, 3245.01, 3270.91, 3270.91, 3273.19, 3274.47, 3284.36,
3284.79, 3284.93, 3289.77, 3299.18, 3302.83, 3306.08, 3308.66, 3308.81, 3310.55, 3312.94,
3313.59, 3313.78, 3313.96, 3314.6, 3315.47, 3315.54, 3315.65, 3315.88, 3315.89, 3315.89,
3316, 3316.12, 3316.18, 3316.18, 3316.21, 3316.21, 3316.27, 3316.43, 3316.47, 3316.48,
3316.61, 3316.74, 3316.79, 3316.83, 3316.83, 3316.88, 3316.88, 3316.88, 3316.89, 3316.97,
3317.07, 3317.17, 3317.22, 3317.22, 3317.23, 3317.24, 3317.27, 3317.35, 3317.35, 3317.35,
3317.35, 3317.43, 3317.43, 3317.44, 3317.45, 3317.5, 3317.54, 3317.56, 3317.72, 3317.72,
3317.72, 3317.73, 3317.75, 3317.82, 3318.1, 3318.16, 3318.24, 3318.24, 3318.35, 3318.35,
3318.42, 3318.42, 3318.56, 3318.56, 3318.56, 3318.62, 3318.63, 3318.72, 3318.72, 3318.74,
3318.78, 3318.78, 3318.85, 3318.89, 3318.89, 3318.89, 3318.95, 3318.97, 3318.97, 3318.99,
3319.07, 3319.16, 3319.28, 3319.31, 3319.31, 3319.31, 3319.31, 3319.31, 3319.31, 3319.31,
3319.45]
upper bounds improvement: [3356.15, 3241.16, 3120.68, 3596.34, 3774.43, 2777.87, 3459.33, 3567.21, 3671.18, 3396.87,
3708.04, 3739.23, 3478.67, 3486.02, 3480.2, 3453.25, 3464.06, 3646.48, 3117.53, 3128.17,
3204.61, 3613.94, 3640.14, 2993.29, 3443.04, 3228.1, 3107.32, 3392.24, 3686.08, 3357.31,
3206.09, 3521.52, 2789.19, 3531.98, 3507.52, 3013.61, 3381.84, 3082.46, 3677.6, 3477.68,
3198.88, 3448.93, 3409.93, 2734.54, 3631.33, 2976.32, 3557.32, 3645.56, 3237.58, 3293.51,
3004.66, 2942.47, 2585.49, 3576.16, 3544.55, 3371.49, 3030.67, 3127.65, 3583.08, 3795.37,
3800.45, 3398.99, 2878.24, 3621.19, 3262.58, 3641.38, 3424.86, 3261.87, 3155.13, 3536.54,
3341.93, 3365.87, 2976.02, 3688.4, 3436.24, 2754.81, 3358.05, 3663.1, 3464.66, 3541.24,
3092.66, 3259.65, 2640.25, 3352.53, 3654.5, 3286.48, 2785.71, 3291.5, 3301.92, 3099.97,
3462.16, 3464.67, 3396.69, 3194.98, 3320.43, 3334.18, 3762.91, 3316.69, 3058.18, 3680.53,
3701.7, 3643.04, 3519.83, 3071.38, 3589.49, 3057.28, 3238.99, 3479.51, 3481.75, 3015.37,
3318.68, 3330.58]
left 95% CI for the upper bound: [2911.22, 1941.66, 2753.25, 3542.83, 3764.16, 2443.28, 2727.36, 3357.86, 3402.56, 3044.57,
3502.02, 3603.91, 3210.63, 3335.39, 2998.44, 3276.86, 3361.97, 3388.01, 2981.32, 2163.9,
2067.98, 3422.61, 3514.58, 2058.58, 2684.4, 2528.18, 2038.82, 2831.48, 3489.98, 2965.57,
2970.62, 2830.44, 2301.03, 3496.17, 3493.21, 2740.09, 3287.69, 2011.22, 3668.49, 3304.76,
2518.83, 2870.97, 2645.57, 2214.73, 3489.47, 2077.97, 3403.14, 3406.9, 2885.99, 2996.89,
2072.04, 1959.28, 2572.83, 3321.99, 3517.5, 2909.33, 2234.27, 2186.63, 3441.83, 3726.27,
3769.25, 3262.52, 2304.42, 3371.63, 2590.75, 3354.28, 2984.11, 2839.3, 2127.97, 3422.45,
2849.66, 3065.5, 2286.86, 3484.31, 3374.11, 2158.76, 2920.27, 3415.58, 3398.22, 3528.62,
1883.96, 2908.38, 2202.31, 2966.22, 3419.89, 3018.65, 2201.62, 2563.75, 2774.77, 2700.88,
2779.12, 2925.09, 2778.67, 2985.18, 2939, 2858.48, 3546.4, 2903.28, 2146.42, 3628.5,
3695.44, 3395.62, 2828.7, 3041.98, 3300.32, 2122.95, 3023.95, 3376.79, 3451.74, 2116.36,
3276.58, 3311.15]
right 95% CI for the upper bound: [3801.07, 4540.66, 3488.12, 3649.84, 3784.7, 3112.45, 4191.31, 3776.55, 3939.8, 3749.18,
3914.07, 3874.55, 3746.72, 3636.66, 3961.96, 3629.64, 3566.15, 3904.96, 3253.75, 4092.45,
4341.25, 3805.26, 3765.69, 3928, 4201.68, 3928.01, 4175.82, 3953, 3882.19, 3749.06,
3441.57, 4212.61, 3277.35, 3567.79, 3521.83, 3287.13, 3476, 4153.71, 3686.71, 3650.6,
3878.93, 4026.89, 4174.3, 3254.35, 3773.19, 3874.68, 3711.51, 3884.22, 3589.17, 3590.14,
3937.28, 3925.66, 2598.14, 3830.33, 3571.6, 3833.66, 3827.06, 4068.67, 3724.33, 3864.46,
3831.64, 3535.45, 3452.07, 3870.74, 3934.41, 3928.48, 3865.61, 3684.43, 4182.29, 3650.64,
3834.19, 3666.24, 3665.18, 3892.49, 3498.37, 3350.86, 3795.84, 3910.63, 3531.1, 3553.86,
4301.36, 3610.92, 3078.18, 3738.85, 3889.11, 3554.3, 3369.8, 4019.25, 3829.07, 3499.07,
4145.19, 4004.25, 4014.71, 3404.78, 3701.87, 3809.87, 3979.42, 3730.1, 3969.93, 3732.57,
3707.97, 3890.45, 4210.96, 3100.78, 3878.66, 3991.62, 3454.03, 3582.22, 3511.76, 3914.38,
3360.79, 3350]
==================================================
==================================================
time horizon: 6
Benders cut: 1
Improved Benders cut: 1
FW sample paths: 2
total iterations: 39
total time elapsed: 237.256 seconds.
lower bounds improvement: [1181.49, 2372.03, 2461.65, 2507.12, 2518.32, 2523.1, 2525.17, 2525.47, 2526.82, 2527.14,
2528.37, 2529.69, 2530.61, 2530.61, 2532.43, 2533.54, 2533.71, 2535.07, 2535.89, 2537.1,
2537.11, 2537.54, 2537.7, 2537.79, 2537.86, 2538.05, 2538.05, 2538.05, 2538.06, 2538.14,
2538.27, 2538.27, 2538.27, 2538.27, 2538.27, 2538.27, 2538.27, 2538.27, 2538.32]
upper bounds improvement: [2685.4, 2676.32, 2022.09, 2630.29, 1877.42, 2026.72, 2690.99, 2305.54, 3288.55, 2403.05,
2315.1, 2549.45, 2074.89, 1895.73, 2261.01, 2349.78, 2171.5, 2843.32, 1921.48, 2788.88,
1847.76, 2766.44, 2180.37, 2898.75, 2866.48, 2928.4, 2100.37, 2252.21, 2041.15, 2839.85,
2002.29, 2291.13, 2332.46, 2380.99, 3537.02, 2717.69, 3318.03, 2319.56, 2586.99, 2536.68]
left 95% CI for the upper bound: [1637.23, 1445.53, 1921.52, 708.305, 1635.41, 1870.73, 1684.88, 1930.52, 3263.64, 1978.16,
1771.3, 1045.53, 1868.22, 1515.38, 1577.83, 1844.32, 1480.92, 1257.31, 1558.13, 1090.49,
1428.61, 604.929, 2069.7, 2160.14, 1547.37, 2264.42, 1945.01, 1702.45, 1887.6, 991.994,
1600.22, 1767.28, 1829.43, 1939.05, 3145.77, 1583.35, 3284.81, 2041.59, 2512.08, 2504.42]
right 95% CI for the upper bound: [3733.56, 3907.11, 2122.66, 4552.28, 2119.44, 2182.7, 3697.09, 2680.55, 3313.46, 2827.94,
2858.89, 4053.37, 2281.55, 2276.08, 2944.2, 2855.25, 2862.08, 4429.34, 2284.83, 4487.26,
2266.9, 4927.94, 2291.05, 3637.36, 4185.58, 3592.38, 2255.73, 2801.97, 2194.7, 4687.71,
2404.37, 2814.98, 2835.49, 2822.94, 3928.27, 3852.02, 3351.24, 2597.54, 2661.91, 2568.94]
==================================================
==================================================
time horizon: 6
Benders cut: 1
Improved Benders cut: 1
FW sample paths: 2
total iterations: 50
total time elapsed: 397.819 seconds.
lower bounds improvement: [1001.2, 2694.91, 2753.98, 2769.85, 2770.51, 2786.9, 2790.15, 2794.32, 2794.93, 2799.19,
2800.92, 2801.12, 2804.13, 2805.24, 2805.28, 2805.78, 2806.09, 2808.62, 2810.29, 2811.64,
2811.79, 2813.84, 2814.49, 2815.77, 2815.86, 2815.91, 2816.55, 2816.73, 2817.12, 2818.15,
2818.72, 2819.11, 2819.82, 2820.05, 2820.32, 2820.32, 2820.36, 2820.44, 2820.44, 2820.47,
2820.49, 2820.6, 2820.6, 2820.6, 2820.6, 2820.6, 2820.6, 2820.6, 2820.6, 2820.68]
upper bounds improvement: [2565.55, 3411.02, 3456.69, 2969.96, 3587.38, 3060.31, 3549.89, 2790.93, 2687.11, 2584.76,
2805.28, 2962.1, 1966.29, 2892.78, 3265.03, 3129.34, 2994.31, 2414.49, 3716.67, 3108.47,
2741.46, 2221.11, 3141.72, 2981.06, 3523.54, 2728.6, 2597.88, 2423.36, 2704.43, 3206.78,
3082.86, 2423.55, 1658.15, 2743.07, 3616.96, 2987.39, 3042.19, 3438.63, 3527.37, 3044.85,
2956.66, 2496.58, 2470.74, 2618.5, 3355.06, 3086.17, 3350.73, 2808.41, 2972.77, 2863.11,
2822.71]
left 95% CI for the upper bound: [2461.47, 2246.95, 1861.19, 1506.76, 2217.93, 1557.15, 2198.45, 2489.51, 1015.82, 2078.93,
1860.6, 2897.22, 1783.82, 2578.26, 3022.88, 2682.83, 2809.31, 1902.83, 3068.21, 1326.4,
2201.28, 2036.54, 2607.69, 2924.44, 2813.83, 1771.62, 1116.21, 2281.99, 2515.32, 1819.32,
1542.63, 1330.05, 1421.46, 1472.91, 2879.71, 1351.31, 2291.14, 2394.5, 2557.25, 1604.37,
2289.83, 1902.24, 2450.18, 2565.97, 1910.06, 1250.12, 2259.24, 2407.26, 2256.91, 2797.91,
2792.88]
right 95% CI for the upper bound: [2669.63, 4575.09, 5052.18, 4433.15, 4956.83, 4563.47, 4901.33, 3092.34, 4358.39, 3090.59,
3749.96, 3026.98, 2148.77, 3207.3, 3507.18, 3575.85, 3179.3, 2926.14, 4365.13, 4890.55,
3281.64, 2405.68, 3675.75, 3037.68, 4233.24, 3685.57, 4079.55, 2564.74, 2893.55, 4594.24,
4623.09, 3517.05, 1894.84, 4013.23, 4354.21, 4623.47, 3793.23, 4482.75, 4497.49, 4485.33,
3623.49, 3090.93, 2491.3, 2671.02, 4800.07, 4922.22, 4442.23, 3209.55, 3688.64, 2928.31,
2852.54]
==================================================
==================================================
time horizon: 6
Benders cut: 1
Improved Benders cut: 1
FW sample paths: 2
total iterations: 61
total time elapsed: 882.682 seconds.
lower bounds improvement: [953.188, 2140.28, 2704.42, 2745.4, 2883.43, 2920.12, 2924.59, 2930.47, 2932.66, 2938.98,
2939.29, 2939.57, 2940.29, 2940.9, 2940.96, 2941.74, 2941.75, 2942.48, 2943.02, 2943.12,
2943.6, 2944.16, 2944.3, 2945.16, 2945.98, 2946.65, 2946.9, 2948.26, 2948.46, 2949.06,
2949.65, 2950.02, 2950.25, 2950.49, 2950.49, 2950.74, 2950.79, 2950.84, 2950.89, 2950.89,
2950.9, 2950.9, 2951.05, 2951.05, 2951.07, 2951.08, 2951.09, 2951.09, 2951.1, 2951.1,
2951.1, 2951.53, 2951.53, 2951.53, 2951.53, 2951.53, 2951.53, 2951.53, 2951.53, 2951.53,
2951.53]
upper bounds improvement: [3520.37, 2914.44, 2843.31, 2913.93, 2433.82, 2665.34, 2690.31, 3133.06, 2849.31, 2998.1,
3605.7, 2838.77, 3208.11, 2515.09, 2975.41, 2742.52, 2546.44, 1992.78, 3329.06, 2902.88,
3588.48, 3614.51, 3351.75, 3076.56, 3296.88, 2857.81, 2398.06, 2362.5, 2744.99, 2241.52,
2160.03, 2172.16, 2696.55, 2507.58, 2433.82, 2973.1, 2876.55, 2940.37, 2839.89, 3671.34,
2089.97, 2882.51, 2826.42, 2520.11, 1997.03, 3291.78, 2889.26, 3015.72, 2966.86, 2357.25,
3011.92, 2913.93, 2817.63, 2789.74, 2862.68, 2964.57, 3102.7, 2443.92, 2774.23, 3607.05,
2976.6, 2948.22]
left 95% CI for the upper bound: [3036.55, 2839.15, 1599.62, 2417.93, 2118.12, 2360.85, 2624.84, 2282.45, 1813.38, 2186.16,
3457.11, 2764.47, 2352.33, 1897.12, 1711.2, 2122.52, 1997.59, 1931.09, 2771.56, 1880.46,
3314.5, 3061, 3166.31, 804.298, 2553.76, 2758.93, 1999.25, 2281.05, 1887.59, 1638.66,
1804.46, 1096.08, 2036.77, 2121.09, 1865.69, 2059.78, 1660.85, 2476.45, 2645.11, 3638.37,
2048.13, 1865.38, 2641.44, 2188.3, 1595.27, 2550.44, 2878.51, 1746.46, 2368.68, 2288.29,
2765.42, 2848.02, 2719.17, 2150.81, 2283.34, 2047.67, 2489.99, 2398.46, 1955.6, 3071.9,
2914.57, 2918.29]
right 95% CI for the upper bound: [4004.2, 2989.73, 4086.99, 3409.93, 2749.51, 2969.82, 2755.78, 3983.67, 3885.25, 3810.04,
3754.3, 2913.08, 4063.88, 3133.07, 4239.61, 3362.52, 3095.3, 2054.47, 3886.56, 3925.3,
3862.47, 4168.02, 3537.18, 5348.83, 4040, 2956.69, 2796.87, 2443.95, 3602.4, 2844.38,
2515.6, 3248.25, 3356.32, 2894.07, 3001.94, 3886.41, 4092.25, 3404.29, 3034.68, 3704.31,
2131.8, 3899.64, 3011.4, 2851.92, 2398.78, 4033.12, 2900.01, 4284.98, 3565.05, 2426.22,
3258.43, 2979.83, 2916.09, 3428.67, 3442.02, 3881.48, 3715.42, 2489.38, 3592.86, 4142.2,
3038.63, 2978.15]
==================================================
==================================================
time horizon: 6
Benders cut: 1
Improved Benders cut: 1
FW sample paths: 2
total iterations: 73
total time elapsed: 1699.36 seconds.
lower bounds improvement: [1568.31, 2346.94, 2649.04, 2651.82, 2655.07, 2680.1, 2693.7, 2704.35, 2705.6, 2705.81,
2706.53, 2706.84, 2711.01, 2711.89, 2712.51, 2715.47, 2715.5, 2716.42, 2718.78, 2719.85,
2720.3, 2723.67, 2724.17, 2728.23, 2729.48, 2729.72, 2732.16, 2734.03, 2735.97, 2737.67,
2737.92, 2738.08, 2738.39, 2739.02, 2739.15, 2739.15, 2739.15, 2739.24, 2739.57, 2739.87,
2740.44, 2740.44, 2740.87, 2740.87, 2740.93, 2740.93, 2740.96, 2741.04, 2741.44, 2741.5,
2741.5, 2741.5, 2741.64, 2741.71, 2741.94, 2741.99, 2741.99, 2742.01, 2742.06, 2742.06,
2742.06, 2742.07, 2742.07, 2742.5, 2742.5, 2742.5, 2742.5, 2742.5, 2742.5, 2742.5,
2742.5, 2742.5, 2742.5]
upper bounds improvement: [2977.04, 3073.24, 2685.63, 2640.36, 3600.63, 3178.97, 2296.52, 3048.63, 3053.94, 2434.62,
2426.57, 2640.22, 3276.69, 2532.42, 2628.09, 2167.11, 3534.26, 2346.56, 2915.66, 3035.85,
2666.9, 2469.78, 3465.91, 3401.61, 2255.13, 3337.08, 2599.51, 2597.93, 3229.5, 3020.39,
2150.1, 2419.21, 2800.86, 2069.91, 3194.96, 2614.26, 3550.3, 3638.79, 2683.48, 2835.95,
2267.5, 2533.92, 3439.41, 2745.8, 3203.16, 2186.8, 3237.55, 2136.17, 2911.98, 2291.32,
2906.61, 2379.79, 2787.42, 2086.08, 3030.24, 3018.63, 2552.62, 2859.26, 2682.65, 3233.24,
2835.51, 2631.15, 2853.35, 2727.55, 2524.77, 3230.27, 2363.63, 3179.71, 2726.55, 2288.12,
2720.34, 2312.34, 2688.04, 2761.19]
left 95% CI for the upper bound: [2825.29, 2266.7, 2602.68, 2506.12, 3391.29, 2192.54, 1181.95, 1157.16, 2354.64, 2391.89,
1742.21, 1772.51, 2136.27, 1131.39, 2102.31, 1806.86, 2631.01, 1690.48, 2502.62, 2637.26,
2361.14, 1725.47, 2277.43, 3127.43, 1606.15, 2530.31, 1173.1, 2364.85, 1848.56, 2442.96,
1754.04, 682.743, 2173.86, 1121.32, 2131.3, 2587.32, 3072.43, 3621.26, 1921.32, 2733.02,
1767.52, 1688.91, 2477.01, 2189.54, 2269.28, 1342.4, 2077.16, 1851.35, 2239.17, 1243.97,
2426.73, 2061.83, 2577.4, 1835.27, 1040.83, 2737.81, 1820.72, 578.214, 2366.41, 1962.08,
2747.71, 2618.25, 2329.05, 2660.62, 1875.3, 2994.37, 1521.16, 3063.7, 2360.04, 2096,
2389.52, 1710.47, 2623.32, 2732.39]
right 95% CI for the upper bound: [3128.8, 3879.77, 2768.57, 2774.6, 3809.98, 4165.39, 3411.09, 4940.11, 3753.24, 2477.34,
3110.93, 3507.92, 4417.12, 3933.44, 3153.87, 2527.37, 4437.5, 3002.63, 3328.71, 3434.43,
2972.66, 3214.1, 4654.39, 3675.79, 2904.11, 4143.85, 4025.92, 2831, 4610.45, 3597.82,
2546.16, 4155.67, 3427.86, 3018.5, 4258.62, 2641.2, 4028.18, 3656.32, 3445.64, 2938.88,
2767.49, 3378.93, 4401.82, 3302.06, 4137.05, 3031.2, 4397.93, 2421, 3584.78, 3338.67,
3386.49, 2697.76, 2997.43, 2336.88, 5019.65, 3299.45, 3284.52, 5140.31, 2998.89, 4504.4,
2923.31, 2644.05, 3377.65, 2794.48, 3174.23, 3466.17, 3206.1, 3295.72, 3093.06, 2480.24,
3051.17, 2914.22, 2752.77, 2789.98]
==================================================
==================================================
time horizon: 6
Benders cut: 1
Improved Benders cut: 1
FW sample paths: 2
total iterations: 72
total time elapsed: 2348.98 seconds.
lower bounds improvement: [915.794, 2500.87, 2746.33, 2920.01, 2988.16, 3014.91, 3041.87, 3048.85, 3060.4, 3060.88,
3060.88, 3061.58, 3067.98, 3068.54, 3070.13, 3070.48, 3072.13, 3073.76, 3075.42, 3075.98,
3080.38, 3080.53, 3081.44, 3082.95, 3084.17, 3085, 3085.4, 3085.67, 3085.67, 3085.69,
3086.15, 3086.26, 3086.26, 3086.33, 3086.38, 3086.4, 3086.4, 3086.5, 3086.87, 3086.96,
3087, 3087.02, 3087.07, 3087.07, 3087.17, 3087.67, 3087.8, 3088.18, 3088.26, 3088.37,
3088.43, 3088.56, 3088.71, 3088.83, 3088.83, 3088.83, 3088.83, 3088.83, 3088.91, 3088.91,
3088.91, 3088.91, 3089.35, 3089.35, 3089.35, 3089.35, 3089.35, 3089.35, 3089.35, 3089.35,
3089.35, 3089.36]
upper bounds improvement: [2948.08, 3728.33, 3293.03, 2937.91, 3618.24, 3587.36, 2738.1, 2513.28, 2997.91, 2038.92,
3247.32, 2616.79, 3072.06, 3647.18, 2293.28, 3269.81, 2879.26, 2813.46, 4180.48, 4005.58,
2511.5, 3127.92, 2182.27, 2869.98, 3160.38, 3254.66, 3468, 3133.27, 3912.89, 2802.95,
3302.53, 3023.8, 3235.18, 3284.47, 2831.7, 2852.99, 3734.33, 3206.72, 3592.3, 3893.47,
3352.75, 3227.46, 3065.62, 3527.41, 3409.03, 2686.6, 2940.34, 3044.27, 3198.32, 2303.24,
3095.52, 3965.51, 2728.06, 3640.41, 2900.22, 3819.32, 3857.31, 2027.8, 3643.53, 3546.48,
3808.42, 1942.17, 2999.72, 3831.97, 2354.66, 3620.07, 3141.34, 3242.56, 2407.21, 3199.76,
2901.02, 3111.14, 3078.66]
left 95% CI for the upper bound: [2792.1, 3184.07, 2875.81, 2135.95, 3070.41, 3559.23, 1900.36, 2134.23, 2135.69, 1242.63,
3138.8, 2088.54, 2965.67, 2903.12, 2278.8, 2558.09, 2873.55, 2163.8, 3659.81, 3489.79,
1923.92, 1498.05, 1812.52, 1446.67, 2805.05, 3098.6, 2709.42, 1774.29, 3833.73, 2088.99,
2504.53, 2946.82, 3043.87, 2350.23, 808.634, 2807.56, 3321.64, 1749.87, 3551.37, 3627.02,
2204.86, 1905.43, 1815.45, 2495.29, 2544.09, 1413.88, 978.653, 1594.62, 2178.4, 1856.75,
1598.77, 3840.1, 2655.14, 3103.22, 1148.61, 3802.1, 3568.52, 1920.83, 2948.47, 3105.58,
3483.11, 1099.84, 2922.62, 3582.2, 1472.11, 3035.09, 2266.87, 1826.77, 1146.17, 2301.34,
1198.38, 3033.41, 3045.63]
right 95% CI for the upper bound: [3104.05, 4272.58, 3710.26, 3739.87, 4166.08, 3615.48, 3575.83, 2892.33, 3860.13, 2835.22,
3355.83, 3145.05, 3178.46, 4391.24, 2307.76, 3981.52, 2884.97, 3463.12, 4701.15, 4521.38,
3099.07, 4757.79, 2552.03, 4293.28, 3515.72, 3410.72, 4226.58, 4492.26, 3992.05, 3516.92,
4100.53, 3100.77, 3426.48, 4218.71, 4854.77, 2898.42, 4147.02, 4663.57, 3633.23, 4159.93,
4500.64, 4549.48, 4315.8, 4559.53, 4273.98, 3959.33, 4902.03, 4493.93, 4218.25, 2749.72,
4592.27, 4090.92, 2800.98, 4177.6, 4651.83, 3836.53, 4146.11, 2134.78, 4338.59, 3987.38,
4133.72, 2784.5, 3076.81, 4081.73, 3237.2, 4205.04, 4015.81, 4658.36, 3668.25, 4098.19,
4603.66, 3188.88, 3111.68]
==================================================
==================================================
time horizon: 6
Benders cut: 1
Improved Benders cut: 1
FW sample paths: 2
total iterations: 54
total time elapsed: 2806.57 seconds.
lower bounds improvement: [2020.15, 2736.05, 2918.18, 2920.34, 2950.9, 2962.67, 2975.18, 2976.87, 2983.22, 2983.89,
2983.89, 2989.84, 2991.61, 2994.77, 2995.6, 2996.22, 2997.39, 2998.41, 2998.84, 2999.75,
3001, 3001.57, 3001.74, 3001.88, 3002.18, 3002.2, 3002.34, 3002.43, 3002.55, 3002.63,
3002.75, 3002.79, 3002.81, 3002.9, 3002.9, 3002.9, 3002.9, 3002.9, 3002.9, 3002.9,
3003.96, 3003.96, 3004.09, 3004.09, 3004.09, 3004.09, 3004.2, 3004.2, 3004.2, 3004.2,
3004.2, 3004.2, 3004.22, 3004.25]
upper bounds improvement: [3152.27, 2951.04, 3044.25, 3011.68, 3010.41, 3368.17, 2860.09, 3141.11, 2450.14, 3439.9,
3529.64, 2593.66, 3459.27, 2803.22, 2601.29, 4280.95, 2946.52, 2370.49, 3330.89, 2880.89,
3262.55, 2698.86, 2805.25, 2596.49, 2714.36, 3088.16, 3175.45, 2774.83, 3117.8, 2463.92,
3211.26, 3571.63, 2732, 2629.15, 2692.04, 3193.48, 2425.32, 2629.16, 3475.53, 3307.54,
3001.68, 3352.66, 3416.23, 3299.39, 3785.93, 2430.11, 3291.72, 3615.01, 3031.91, 3094.31,
3243.58, 3861.61, 2953.65, 2962.07, 3002.05]
left 95% CI for the upper bound: [1615.82, 2582.4, 1764.58, 2718.04, 1271.05, 2834.74, 2298.82, 3037.64, 1554.52, 3096.18,
3493.09, 1506.46, 2839.07, 1947.42, 2049.34, 4102.91, 2932.22, 2347.72, 2055.07, 1967.28,
2519.71, 2054.85, 1610.52, 2501.6, 848.74, 2196.57, 1739.46, 2583.15, 1803.14, 2163.56,
1617.11, 3529.65, 2082.87, 2031.74, 2100.69, 2544.55, 1836.8, 1702.06, 2607.71, 3267.32,
2933.04, 3196.99, 3194.98, 2330.29, 3557.36, 1176.68, 3158, 2926.78, 2498.47, 1268.42,
2953.11, 3695.74, 1042.19, 2892.77, 2971.96]
right 95% CI for the upper bound: [4688.71, 3319.67, 4323.93, 3305.32, 4749.78, 3901.6, 3421.37, 3244.58, 3345.76, 3783.61,
3566.19, 3680.86, 4079.47, 3659.02, 3153.24, 4458.98, 2960.81, 2393.25, 4606.71, 3794.5,
4005.38, 3342.88, 3999.97, 2691.38, 4579.98, 3979.74, 4611.43, 2966.51, 4432.46, 2764.28,
4805.42, 3613.61, 3381.13, 3226.56, 3283.38, 3842.41, 3013.85, 3556.27, 4343.34, 3347.77,
3070.31, 3508.33, 3637.47, 4268.48, 4014.5, 3683.53, 3425.45, 4303.25, 3565.36, 4920.21,
3534.04, 4027.47, 4865.12, 3031.38, 3032.15]
==================================================
==================================================
time horizon: 5
Benders cut: 1
Improved Benders cut: 0
FW sample paths: 2
total iterations: 20
total time elapsed: 77.3536 seconds.
lower bounds improvement: [716.967, 1944.34, 2002.21, 2016.21, 2018.33, 2018.33, 2035.36, 2035.67, 2035.76, 2035.76,
2037.73, 2037.73, 2037.73, 2037.73, 2037.73, 2037.73, 2037.73, 2037.73, 2037.73, 2037.73]
upper bounds improvement: [1879.48, 2139.12, 2350.63, 2710.89, 2790.57, 1331.19, 2625.38, 2129.74, 2562.66, 2802.11,
2020.56, 1984.32, 1349.47, 1288.74, 2025.25, 1804.26, 2071.24, 2842.3, 1287.51, 2026.31,
2026.06]
left 95% CI for the upper bound: [832.224, 679.546, 1575.35, 2704.24, 2749.06, 1329.98, 2127.66, 627.155, 2273.3, 2733.78,
569.73, 618.145, 1344.92, 1274.68, 582.136, 822.896, 748.355, 2782.42, 1284.67, 1952.86,
1992.58]
right 95% CI for the upper bound: [2926.74, 3598.7, 3125.91, 2717.55, 2832.08, 1332.39, 3123.1, 3632.32, 2852.03, 2870.43,
3471.39, 3350.5, 1354.03, 1302.81, 3468.36, 2785.62, 3394.12, 2902.18, 1290.36, 2099.76,
2059.54]
==================================================
==================================================
time horizon: 5
Benders cut: 1
Improved Benders cut: 0
FW sample paths: 2
total iterations: 32
total time elapsed: 105.719 seconds.
lower bounds improvement: [969.002, 1909.52, 2070.37, 2140.02, 2224.42, 2261.62, 2262.16, 2266.42, 2279.66, 2279.94,
2281.04, 2281.08, 2281.48, 2281.83, 2282.16, 2282.4, 2282.44, 2282.44, 2282.73, 2282.88,
2282.94, 2282.94, 2283.01, 2283.08, 2283.11, 2283.11, 2283.11, 2283.12, 2283.12, 2283.12,
2283.12, 2283.12]
upper bounds improvement: [1838.27, 2259.64, 2217.41, 3031.7, 3013.31, 2541.18, 1962.79, 2639.92, 1791.8, 2720.68,
2186.17, 1938.99, 2577.06, 2548.17, 2142.12, 2757.82, 2737.66, 1991.01, 2542.8, 2506.02,
2190.21, 2227.3, 2294.38, 2716.94, 1941.81, 2700.32, 2717.04, 2479.19, 1808.61, 2539.68,
2238.68, 2312.42, 2283.38]
left 95% CI for the upper bound: [1229.21, 1966.9, 1948.15, 3021.41, 1767.6, 1668.31, 1159.1, 1615.28, 1281.04, 2013.97,
1931.84, 1185.78, 1769.6, 1586.52, 2124.25, 2103.33, 2077.42, 1142.56, 1539.31, 1583.33,
1935.37, 1941.04, 1958.1, 2051.94, 1106.11, 1990.61, 2097.22, 1554.66, 1256.61, 1496.59,
1984.82, 2257.87, 2259.22]
right 95% CI for the upper bound: [2447.33, 2552.38, 2486.67, 3042, 4259.03, 3414.05, 2766.49, 3664.56, 2302.55, 3427.39,
2440.5, 2692.2, 3384.52, 3509.83, 2159.99, 3412.31, 3397.91, 2839.46, 3546.29, 3428.72,
2445.06, 2513.55, 2630.65, 3381.93, 2777.52, 3410.03, 3336.87, 3403.73, 2360.61, 3582.77,
2492.53, 2366.96, 2307.53]
==================================================
==================================================
time horizon: 5
Benders cut: 1
Improved Benders cut: 0
FW sample paths: 2
total iterations: 28
total time elapsed: 144.073 seconds.
lower bounds improvement: [1283.38, 2305.23, 2345.67, 2348.88, 2354.75, 2360.46, 2368.91, 2369.61, 2378.8, 2382.5,
2384.44, 2384.62, 2385.72, 2385.72, 2386.22, 2386.3, 2387.54, 2387.57, 2387.76, 2387.84,
2387.87, 2387.87, 2387.87, 2387.87, 2387.87, 2387.9, 2387.93, 2388.01]
upper bounds improvement: [2575.75, 1998.17, 2608.48, 2282.01, 3004.49, 2324.51, 3094.57, 2709.18, 2572.11, 1926.49,
2440.98, 2161.56, 2668.15, 2680.14, 1753.43, 2337.48, 2665.88, 2480.73, 2202.47, 2747.48,
1947.81, 1830.95, 2162.24, 2404.74, 2523.89, 2559.77, 2633.36, 2363.68, 2397.54]
left 95% CI for the upper bound: [2192.46, 1944.65, 2253.38, 1590.02, 2294.06, 1706.76, 2573.61, 2473.93, 1921.01, 1439.78,
1156.42, 1831.93, 2560.28, 1980.78, 1595.59, 2297.23, 1926.09, 2314.23, 869.079, 2017.46,
1133.25, 1310.79, 1745.91, 1547.56, 2263.87, 2164.8, 2061.4, 2313.85, 2375.9]
right 95% CI for the upper bound: [2959.05, 2051.69, 2963.59, 2973.99, 3714.91, 2942.26, 3615.54, 2944.44, 3223.2, 2413.19,
3725.53, 2491.18, 2776.03, 3379.5, 1911.28, 2377.72, 3405.66, 2647.24, 3535.87, 3477.49,
2762.38, 2351.11, 2578.57, 3261.92, 2783.91, 2954.73, 3205.33, 2413.52, 2419.18]
==================================================
==================================================
time horizon: 5
Benders cut: 1
Improved Benders cut: 0
FW sample paths: 2
total iterations: 38
total time elapsed: 275.956 seconds.
lower bounds improvement: [939.979, 2089.27, 2200.72, 2235.45, 2269.33, 2269.33, 2270.41, 2270.81, 2271.72, 2273.19,
2273.59, 2274.31, 2277.08, 2277.4, 2279.71, 2279.98, 2282.11, 2282.17, 2282.28, 2282.43,
2282.43, 2282.49, 2282.51, 2282.51, 2282.51, 2282.51, 2282.51, 2282.51, 2282.96, 2282.96,
2282.96, 2282.96, 2282.96, 2282.96, 2282.96, 2282.96, 2282.96, 2282.96]
upper bounds improvement: [1954.7, 2685.15, 2110.22, 2103.15, 1712.19, 2453.4, 2305.13, 2093.34, 2712.23, 2119.68,
2454.19, 2342.16, 2310.35, 2214.23, 2675.11, 2704.16, 2545.9, 2592.34, 2737.96, 1843.7,
2379.91, 1442.28, 2378.04, 1867.87, 2096.25, 3055.25, 1641.74, 2289.82, 2309.01, 2169.59,
2334.9, 2040.39, 1916.65, 2624.31, 2624.47, 2332.22, 1587.19, 2245.34, 2258.81]
left 95% CI for the upper bound: [1144.42, 1742.41, 1680.25, 1759.55, 962.722, 1504.99, 2281.99, 1439.04, 2048.76, 1735.11,
2211.74, 1515.95, 2307.06, 530.101, 2593.47, 1995.41, 1569.03, 2256.34, 2003.9, 922.965,
1119.01, 1222.58, 2336.11, 1852.02, 1715.66, 3033.91, 1022.01, 2076.08, 2252.45, 948.326,
897.917, 1858.14, 1771.41, 1704.57, 1657.34, 2330.03, 1038.92, 2188, 2231.95]
right 95% CI for the upper bound: [2764.97, 3627.89, 2540.2, 2446.75, 2461.65, 3401.81, 2328.27, 2747.65, 3375.7, 2504.25,
2696.63, 3168.38, 2313.63, 3898.37, 2756.75, 3412.9, 3522.77, 2928.34, 3472.02, 2764.44,
3640.81, 1661.98, 2419.96, 1883.72, 2476.83, 3076.6, 2261.47, 2503.56, 2365.56, 3390.86,
3771.87, 2222.64, 2061.89, 3544.05, 3591.6, 2334.42, 2135.46, 2302.67, 2285.67]
==================================================
==================================================
time horizon: 5
Benders cut: 1
Improved Benders cut: 0
FW sample paths: 2
total iterations: 34
total time elapsed: 207.817 seconds.
lower bounds improvement: [1156.94, 2029.37, 2076.57, 2083.57, 2091.15, 2108, 2110.88, 2113.96, 2114.36, 2114.36,
2115.01, 2115.92, 2117.26, 2117.86, 2118.67, 2118.81, 2119.09, 2119.22, 2119.46, 2119.52,
2119.55, 2119.62, 2119.72, 2120.1, 2120.42, 2120.42, 2120.42, 2120.42, 2120.42, 2120.43,
2120.43, 2120.43, 2120.43, 2120.43]
upper bounds improvement: [1690.97, 1997.74, 1884.47, 2320.81, 2648.87, 2119.65, 2039.48, 1532.84, 1692, 1713.55,
1924.52, 2106.06, 2074.92, 2629.44, 2745.52, 2532.78, 2530.08, 2402.02, 2011.8, 2716.07,
2342.52, 2240.46, 2210.82, 1819.98, 2282.58, 1523.34, 2107.49, 2327.22, 1794.92, 2244.12,
1855.55, 2529.53, 2002.72, 2120.2, 2133.37]
left 95% CI for the upper bound: [1265.11, 1309, 1478.37, 1372.74, 2287.62, 1566.24, 1433.22, 1146.09, 1403.21, 1534.18,
1639.99, 1656.89, 1362.72, 2197.16, 2706.15, 1897.05, 2017.52, 1479.28, 1071.72, 2701.55,
1839.51, 1205.99, 2166.24, 1741.44, 2185.73, 1500.88, 1756.83, 2306.52, 1747.95, 1767.23,
1592.58, 1962.95, 1376.82, 2071.96, 2112.16]
right 95% CI for the upper bound: [2116.82, 2686.48, 2290.58, 3268.89, 3010.12, 2673.06, 2645.73, 1919.58, 1980.8, 1892.92,
2209.05, 2555.23, 2787.13, 3061.72, 2784.89, 3168.52, 3042.63, 3324.76, 2951.88, 2730.59,
2845.52, 3274.93, 2255.4, 1898.51, 2379.43, 1545.8, 2458.15, 2347.92, 1841.89, 2721.02,
2118.52, 3096.12, 2628.62, 2168.43, 2154.59]
==================================================
==================================================
time horizon: 5
Benders cut: 1
Improved Benders cut: 0
FW sample paths: 2
total iterations: 52
total time elapsed: 392.59 seconds.
lower bounds improvement: [1155.2, 2138.31, 2343.77, 2366.63, 2395.74, 2403.48, 2404.28, 2404.28, 2405.03, 2405.23,
2406.23, 2406.93, 2409.4, 2410.53, 2410.69, 2412.52, 2413.74, 2415.45, 2416.33, 2416.84,
2417.48, 2417.48, 2417.58, 2418.52, 2418.59, 2419.5, 2419.5, 2419.56, 2419.59, 2419.61,
2419.63, 2419.63, 2419.63, 2419.78, 2419.97, 2420.08, 2420.49, 2420.75, 2420.75, 2420.75,
2420.75, 2420.75, 2420.83, 2420.86, 2420.92, 2420.93, 2420.93, 2420.93, 2420.93, 2420.93,
2420.93, 2420.97]
upper bounds improvement: [2476.6, 2550.86, 3214.38, 2624.65, 1885.93, 2252.71, 1848.95, 2468.24, 2716.65, 2821.45,
2965.51, 2570.56, 2241.94, 2147.53, 2458.08, 2853.97, 2471.38, 2235.22, 2745.35, 2228.28,
2033.89, 2712.39, 2141.07, 2628.05, 2046.58, 1669.42, 2788.97, 2605.88, 2699.61, 2250.21,
2959.11, 2942.22, 2422.31, 2242.93, 2273.69, 2775.54, 2792.41, 2619.66, 2157.11, 2747.75,
2446.7, 2091.45, 2827.55, 2161.48, 2372.29, 2303.96, 1725.44, 2969.88, 2422.98, 2946.94,
3063.69, 2388.64, 2422.54]
left 95% CI for the upper bound: [2163.4, 2222.02, 2050.19, 1493.01, 1218.31, 1216.41, 1268.59, 2211.27, 2437.32, 2763.2,
2754.13, 1658.31, 1495.72, 1607.07, 1769.86, 2760.51, 1774.38, 459.648, 2618.05, 1080.05,
1766.97, 2428.61, 1715.62, 1775.79, 1440.17, 1657.69, 2786.97, 2157.84, 2026.42, 1438.24,
2722.41, 2857.76, 1746.85, 1072.81, 1216.29, 2708.46, 2458.97, 2201.34, 1750.76, 1667.55,
2315.69, 641.312, 2683.84, 1603.14, 1369.14, 2238.03, 942.364, 2636.27, 1795.07, 2689.06,
2961.2, 2330.04, 2396.82]
right 95% CI for the upper bound: [2789.8, 2879.7, 4378.57, 3756.3, 2553.56, 3289.02, 2429.31, 2725.2, 2995.97, 2879.7,
3176.88, 3482.82, 2988.15, 2687.99, 3146.29, 2947.44, 3168.39, 4010.78, 2872.64, 3376.52,
2300.8, 2996.16, 2566.52, 3480.32, 2652.98, 1681.16, 2790.96, 3053.92, 3372.79, 3062.18,
3195.81, 3026.67, 3097.78, 3413.04, 3331.1, 2842.62, 3125.85, 3037.98, 2563.47, 3827.94,
2577.72, 3541.59, 2971.25, 2719.81, 3375.43, 2369.9, 2508.52, 3303.48, 3050.89, 3204.81,
3166.18, 2447.23, 2448.26]
==================================================
==================================================
time horizon: 5
Benders cut: 1
Improved Benders cut: 0
FW sample paths: 2
total iterations: 52
total time elapsed: 735.929 seconds.
lower bounds improvement: [1974.72, 2063.08, 2252.45, 2267.05, 2268.81, 2277.32, 2281.1, 2282.37, 2283.28, 2284.21,
2284.72, 2285.4, 2285.41, 2286.09, 2286.6, 2287.48, 2288.72, 2289.89, 2290.79, 2291.5,
2292.9, 2294.76, 2295.87, 2297.07, 2297.73, 2297.78, 2297.78, 2297.78, 2297.78, 2297.78,
2297.91, 2299.52, 2299.52, 2299.92, 2299.92, 2299.96, 2299.96, 2299.96, 2299.96, 2299.96,
2299.97, 2299.97, 2300.61, 2300.61, 2300.61, 2300.61, 2300.61, 2300.61, 2300.61, 2300.61,
2300.61, 2300.61]
upper bounds improvement: [1853.11, 2661.31, 3105.07, 2925.41, 2466.17, 1901.18, 2184.86, 1529.02, 2971.32, 2334.9,
2534.08, 2384.56, 2665.84, 2199.03, 2193.1, 2115.18, 2276.11, 1717.11, 1867.71, 2467.55,
2307.49, 2016.83, 2399.98, 2647.59, 2653.53, 2065.8, 2487.5, 2226.24, 2300.22, 2278.53,
2294.41, 2291.74, 2295.2, 2447, 2718.44, 2903.74, 2420.96, 2075.01, 2295.17, 2532.9,
2441.5, 1962.29, 2266.97, 2510.34, 2088.21, 2275.36, 2617.85, 3022.21, 2185.87, 1900.04,
2567.74, 2306.25, 2305.8]
left 95% CI for the upper bound: [1736.92, 2600.68, 2955.48, 2272.09, 1177.01, 1253.56, 1636.7, 1338.24, 2650.47, 2233.09,
927.838, 2384.46, 1290.14, 1700.9, 1696.13, 1920.82, 1688.41, 1257.9, 1635.63, 2265.16,
2108.81, 1204.68, 1982.61, 2423.89, 1923.46, 1931.18, 2199.58, 1357.81, 1771.18, 2045.09,
2087.33, 1183.91, 1583.34, 2113.25, 1978.45, 2084.99, 1707.68, 1734.71, 1608.14, 2320.8,
1758.8, 715.044, 2207.35, 2413.67, 1770.78, 1550.63, 2474.56, 2891.12, 1847.84, 1689.89,
2491.26, 2245.94, 2280.82]
right 95% CI for the upper bound: [1969.31, 2721.94, 3254.65, 3578.74, 3755.32, 2548.8, 2733.02, 1719.79, 3292.17, 2436.72,
4140.33, 2384.66, 4041.54, 2697.15, 2690.07, 2309.53, 2863.8, 2176.31, 2099.79, 2669.94,
2506.16, 2828.99, 2817.36, 2871.3, 3383.61, 2200.42, 2775.43, 3094.67, 2829.27, 2511.97,
2501.48, 3399.57, 3007.05, 2780.75, 3458.43, 3722.49, 3134.23, 2415.32, 2982.21, 2745,
3124.21, 3209.53, 2326.6, 2607.02, 2405.63, 3000.1, 2761.14, 3153.31, 2523.91, 2110.18,
2644.21, 2366.56, 2330.78]
==================================================
==================================================
time horizon: 5
Benders cut: 1
Improved Benders cut: 0
FW sample paths: 2
total iterations: 55
total time elapsed: 1043.36 seconds.
lower bounds improvement: [905.373, 1545.86, 2173.32, 2221.74, 2231.76, 2233.32, 2233.32, 2233.97, 2234.25, 2237.44,
2239.62, 2242.02, 2242.12, 2243.24, 2244.68, 2246.19, 2246.3, 2247.4, 2247.51, 2248.15,
2250.36, 2250.58, 2252.39, 2252.49, 2252.49, 2252.72, 2252.74, 2253.37, 2253.4, 2253.4,
2253.44, 2253.6, 2254, 2254.09, 2254.11, 2254.11, 2255.37, 2255.37, 2255.37, 2255.37,
2255.38, 2255.38, 2255.38, 2255.38, 2255.38, 2256.06, 2256.06, 2256.06, 2256.06, 2256.06,
2256.06, 2256.06, 2256.06, 2256.06, 2256.17]
upper bounds improvement: [2317.3, 2394.19, 2526.3, 2673.37, 2464.2, 2930.08, 2498.87, 2815.92, 2074.14, 2771.08,
2337.36, 2263.24, 2899.32, 2261.37, 3104.95, 2232.57, 2400.07, 2874.03, 2238.23, 1739.23,
2262.19, 1985.85, 1770.43, 2026.43, 2143.36, 2173.85, 2467.82, 2860.52, 2542.56, 2623.5,
2076.59, 2307.65, 2570.31, 2231.73, 2596.16, 1667.76, 1804.6, 1597.71, 2427.18, 2170.64,
3320.5, 1888.4, 2144.96, 2221.45, 2374.86, 2289.87, 2471.17, 2303.17, 1918.54, 2696.18,
2210.97, 2490.05, 2050.93, 2282.1, 2318.78, 2248.8]
left 95% CI for the upper bound: [1864.64, 2124.11, 1898.59, 1972.54, 2121.33, 2780.91, 2340.14, 2732.77, 1894.52, 2256.3,
1530.38, 1568.43, 2329.85, 1973.86, 3043.27, 1552.52, 2381.76, 2027.36, 979.577, 902.748,
2054.87, 988.169, 1433.63, 1834.59, 1363.28, 1464.97, 2346.12, 2858.7, 2314.19, 2201.15,
2024.74, 2072.84, 1904.92, 1522.9, 1120.29, 1474.5, 794.274, 1426.46, 2160.6, 1333.16,
3296.75, 1795.96, 1717.93, 1412.01, 1952.67, 2235.15, 2346.98, 2204.08, 1896.56, 1644.94,
2012.41, 1365.66, 1438.77, 1611.73, 2268.26, 2226.39]
right 95% CI for the upper bound: [2769.96, 2664.27, 3154.01, 3374.2, 2807.07, 3079.26, 2657.6, 2899.07, 2253.75, 3285.87,
3144.33, 2958.04, 3468.79, 2548.88, 3166.64, 2912.62, 2418.37, 3720.7, 3496.89, 2575.71,
2469.5, 2983.52, 2107.22, 2218.27, 2923.44, 2882.73, 2589.51, 2862.33, 2770.94, 3045.86,
2128.45, 2542.46, 3235.69, 2940.56, 4072.04, 1861.01, 2814.94, 1768.97, 2693.77, 3008.11,
3344.25, 1980.84, 2572, 3030.89, 2797.05, 2344.59, 2595.36, 2402.27, 1940.52, 3747.41,
2409.52, 3614.43, 2663.08, 2952.47, 2369.31, 2271.22]
==================================================
==================================================
time horizon: 5
Benders cut: 1
Improved Benders cut: 1
FW sample paths: 2
total iterations: 22
total time elapsed: 82.5969 seconds.
lower bounds improvement: [902.29, 1495.82, 1958.48, 2024.03, 2033.18, 2033.51, 2034.6, 2035.7, 2035.7, 2037.03,
2037.31, 2037.34, 2037.71, 2037.71, 2037.71, 2037.71, 2037.71, 2037.71, 2037.71, 2037.71,
2037.71, 2037.73]
upper bounds improvement: [2735.91, 2358.1, 2130.61, 2127.15, 2504.15, 1337.87, 1852.79, 2825.53, 2113.24, 1825.06,
2082.29, 2762.09, 2057.12, 1370.49, 1807.96, 2113.93, 2773.63, 2006.93, 2763.85, 1882.72,
1327.07, 2039.08, 2054.46]
left 95% CI for the upper bound: [2674.49, 1217.78, 1007.73, 1662.82, 2111.31, 1323.56, 980.167, 2720.09, 622.921, 884.471,
862.618, 2747.79, 759.497, 1322.33, 790.736, 609.566, 2649.49, 639.546, 2757.19, 929.022,
1281, 1963.89, 2021.22]
right 95% CI for the upper bound: [2797.33, 3498.42, 3253.49, 2591.49, 2896.98, 1352.17, 2725.4, 2930.97, 3603.55, 2765.65,
3301.97, 2776.4, 3354.74, 1418.66, 2825.17, 3618.3, 2897.77, 3374.31, 2770.51, 2836.42,
1373.13, 2114.27, 2087.7]
==================================================
==================================================
time horizon: 5
Benders cut: 1
Improved Benders cut: 1
FW sample paths: 2
total iterations: 22
total time elapsed: 98.967 seconds.
lower bounds improvement: [1050.65, 2197.93, 2269.87, 2270.64, 2274.55, 2277.52, 2281.76, 2281.76, 2282.06, 2282.52,
2282.76, 2282.89, 2282.96, 2283.02, 2283.08, 2283.08, 2283.09, 2283.11, 2283.11, 2283.11,
2283.11, 2283.12]
upper bounds improvement: [1834.39, 1740.38, 2228.85, 2617.3, 2585.7, 2269, 2035.32, 2283.25, 2354.46, 2234.67,
2541.18, 1999.29, 2255.8, 2570.71, 1810.17, 1983.42, 2045.85, 2294.74, 2168.84, 2317.59,
2005.73, 2293.33, 2295.21]
left 95% CI for the upper bound: [1367.04, 1603.66, 1955.75, 1789.18, 1550.72, 1969.36, 1990.87, 765.696, 2283.41, 1928.45,
1629.94, 1119.67, 1923.07, 1618.65, 1313.79, 1130.96, 1986.78, 936.808, 1780.5, 829.05,
1207.5, 2239.77, 2271.72]
right 95% CI for the upper bound: [2301.73, 1877.09, 2501.96, 3445.42, 3620.68, 2568.64, 2079.76, 3800.81, 2425.5, 2540.9,
3452.42, 2878.91, 2588.52, 3522.76, 2306.55, 2835.88, 2104.92, 3652.68, 2557.18, 3806.13,
2803.97, 2346.89, 2318.71]
==================================================
==================================================
time horizon: 5
Benders cut: 1
Improved Benders cut: 1
FW sample paths: 2
total iterations: 32
total time elapsed: 179.719 seconds.
lower bounds improvement: [1432.81, 2232.33, 2341.36, 2342.04, 2358.43, 2377.81, 2379.14, 2382.35, 2384.44, 2384.73,
2384.9, 2386.21, 2386.21, 2386.73, 2387.05, 2387.47, 2387.54, 2387.54, 2387.63, 2387.63,
2387.68, 2387.74, 2387.81, 2387.87, 2387.9, 2387.9, 2387.9, 2387.9, 2387.9, 2387.9,
2387.9, 2388.02]
upper bounds improvement: [2433.9, 2594.61, 2032.24, 2840.97, 2410.44, 1764.79, 2985.01, 2594.02, 2415.37, 2612.58,
2346.59, 2519.47, 2382.31, 2745.28, 2085.05, 2255.94, 2229.16, 2469.03, 2784.5, 2356.65,
2360.32, 2015.87, 2205.01, 2836.47, 1954.84, 1782.83, 2460.72, 2262.56, 2283.17, 2442.03,
1768.34, 2375.64, 2383.72]
left 95% CI for the upper bound: [2065.36, 2348.25, 1819.41, 2836.12, 2244.19, 1255.51, 2862.76, 2123.33, 1966.3, 2556.67,
1869.08, 2330.05, 2332.24, 2360.21, 1841.24, 1128.6, 1754.93, 1145.12, 2276.18, 2356.61,
2287.59, 1355.14, 996.966, 2823.48, 1896.78, 1356.75, 1431.74, 1187.95, 1636.47, 2426.01,
1460.43, 2326.16, 2361.39]
right 95% CI for the upper bound: [2802.45, 2840.96, 2245.06, 2845.82, 2576.7, 2274.08, 3107.25, 3064.72, 2864.44, 2668.49,
2824.09, 2708.89, 2432.39, 3130.35, 2328.87, 3383.27, 2703.4, 3792.93, 3292.82, 2356.69,
2433.04, 2676.61, 3413.06, 2849.46, 2012.89, 2208.92, 3489.7, 3337.17, 2929.86, 2458.06,
2076.25, 2425.12, 2406.05]
==================================================
==================================================
time horizon: 5
Benders cut: 1
Improved Benders cut: 1
FW sample paths: 2
total iterations: 40
total time elapsed: 329.041 seconds.
lower bounds improvement: [653.512, 2166.04, 2225.23, 2232.35, 2250.42, 2254.19, 2273.93, 2276.31, 2276.81, 2277.6,
2278.01, 2279.23, 2279.23, 2280.36, 2280.77, 2280.9, 2281.07, 2281.5, 2281.72, 2281.81,
2281.86, 2281.96, 2281.98, 2281.98, 2282.07, 2282.07, 2282.07, 2282.07, 2282.07, 2282.07,
2282.96, 2282.96, 2282.96, 2282.96, 2282.96, 2282.96, 2282.96, 2282.96, 2282.96, 2282.96]
upper bounds improvement: [2701.4, 2831.55, 2444.33, 3080.2, 3285.68, 2861.09, 2685.27, 1832.89, 2118.39, 2052.93,
1771.54, 1996.96, 2022.06, 2474.39, 2145.22, 1575.91, 2231, 3170.16, 1837.49, 2402.41,
2036.23, 2417.08, 2515.11, 2683.14, 1628.26, 1959.22, 1940.43, 2702.04, 2284.87, 1728.86,
2268.06, 1960.67, 2907.11, 2372.72, 2041.6, 2658.15, 2974.57, 2506.27, 2644.77, 2306.73,
2287.57]
left 95% CI for the upper bound: [2145.93, 2250.16, 1640.15, 3051.37, 2779.09, 1662.95, 1868.16, 929.74, 1816.65, 2032.48,
1438.16, 1701.69, 1201.52, 1441.55, 1886.5, 1569.1, 2110.57, 2840.18, 943.925, 1259.24,
1452.48, 1544.78, 1361.82, 1961.9, 1080.34, 1943.4, 1834.56, 1959.39, 745.078, 1366,
2209.28, 1899.01, 2849.61, 2311.65, 1781.78, 1983.72, 2746.93, 1412.29, 1938.62, 2247.74,
2261.72]
right 95% CI for the upper bound: [3256.87, 3412.93, 3248.52, 3109.03, 3792.28, 4059.24, 3502.38, 2736.03, 2420.14, 2073.39,
2104.92, 2292.23, 2842.59, 3507.23, 2403.94, 1582.72, 2351.42, 3500.13, 2731.06, 3545.58,
2619.98, 3289.38, 3668.41, 3404.38, 2176.17, 1975.04, 2046.3, 3444.69, 3824.66, 2091.71,
2326.84, 2022.33, 2964.62, 2433.8, 2301.43, 3332.58, 3202.2, 3600.25, 3350.93, 2365.73,
2313.42]
==================================================
==================================================
time horizon: 5
Benders cut: 1
Improved Benders cut: 1
FW sample paths: 2
total iterations: 43
total time elapsed: 459.392 seconds.
lower bounds improvement: [1011.27, 2018.87, 2073.4, 2097.53, 2101.33, 2110.28, 2110.28, 2113.95, 2114.57, 2115.09,
2115.18, 2115.36, 2116.02, 2117.05, 2119.41, 2119.63, 2119.63, 2119.74, 2119.78, 2119.92,
2119.96, 2119.99, 2119.99, 2119.99, 2120.12, 2120.19, 2120.19, 2120.19, 2120.19, 2120.19,
2120.19, 2120.19, 2120.19, 2120.66, 2120.66, 2120.66, 2120.66, 2120.66, 2120.66, 2120.66,
2120.66, 2120.66, 2120.66]
upper bounds improvement: [2018.76, 2030.3, 2617.96, 2029.36, 2508.37, 1918.21, 2194.06, 2283.49, 2086.74, 2133.64,
2092.9, 2036.18, 2163.35, 1754.76, 2540.3, 1980.52, 2114.92, 2643.09, 2114.75, 2158.18,
2468.67, 1782.03, 2612.16, 2240.28, 2354.38, 2086.97, 2511.58, 2264.25, 2108.87, 2037.5,
2304.74, 2558.28, 1849.11, 2107.89, 2016.19, 1941.4, 1874.24, 2046.8, 2289.62, 1693.42,
1962.43, 1809.69, 2131.87, 2123.49]
left 95% CI for the upper bound: [1753.53, 2003.27, 2160.67, 1273.59, 2130.44, 1809.52, 1108.54, 2030.4, 1934.51, 1887.84,
1410.14, 653.329, 895.272, 1497.31, 1894.19, 1901.71, 2049.73, 2269.89, 1095.53, 1502.53,
1583.12, 1543.8, 2420.59, 2184.7, 1283.88, 1222.32, 2044.31, 2242.22, 1874.43, 1314.53,
1817.68, 1990.52, 1532.18, 2059.74, 620.347, 1925.38, 1384.33, 1836.05, 2004.07, 900.024,
1952.76, 1607.13, 2084.44, 2102.14]
right 95% CI for the upper bound: [2283.99, 2057.32, 3075.24, 2785.13, 2886.3, 2026.91, 3279.59, 2536.57, 2238.97, 2379.44,
2775.67, 3419.04, 3431.42, 2012.21, 3186.4, 2059.32, 2180.12, 3016.29, 3133.97, 2813.83,
3354.22, 2020.26, 2803.73, 2295.85, 3424.88, 2951.63, 2978.85, 2286.28, 2343.31, 2760.48,
2791.8, 3126.03, 2166.04, 2156.03, 3412.03, 1957.42, 2364.15, 2257.55, 2575.18, 2486.81,
1972.09, 2012.25, 2179.3, 2144.83]
==================================================
==================================================
time horizon: 5
Benders cut: 1
Improved Benders cut: 1
FW sample paths: 2
total iterations: 37
total time elapsed: 463.119 seconds.
lower bounds improvement: [574.824, 2317.41, 2387.37, 2392.83, 2407.67, 2411.51, 2414.32, 2414.32, 2414.79, 2417.46,
2419.19, 2419.44, 2419.52, 2419.66, 2419.74, 2419.75, 2419.75, 2420.01, 2420.07, 2420.36,
2420.36, 2420.39, 2420.39, 2420.39, 2420.39, 2420.39, 2420.54, 2420.69, 2420.81, 2420.81,
2420.81, 2420.85, 2420.85, 2420.85, 2420.85, 2420.85, 2420.96]
upper bounds improvement: [2137.5, 3205.87, 2715.11, 1872.21, 2751.04, 3076.17, 2340.09, 2813.5, 2860.1, 2042.72,
2607.34, 2416.09, 1667.85, 1731.9, 1891.54, 2463.73, 2615.66, 2322.02, 1837.96, 1930.4,
1439.27, 2022.52, 1793.08, 2501.3, 2479.24, 1818.6, 2791.34, 1945.64, 2309.69, 1851.21,
2800.82, 2984.69, 2939.91, 2562.69, 2018.54, 2565.17, 2355.38, 2407.47]
left 95% CI for the upper bound: [2135.56, 2961.21, 1978.17, 1822.01, 2709.35, 2091.98, 2296.03, 2360.99, 2574.3, 1380.93,
2032.24, 1884.8, 1621.62, 1032.13, 1449.46, 2346.05, 1938.71, 808.12, 845.907, 1546.33,
1235.58, 1827.94, 1576.58, 2380.88, 2246.42, 1601.5, 2739.98, 1162.79, 1915.25, 826.456,
1819.68, 2768.7, 2636.35, 2074.11, 1883.16, 2036.14, 2299.23, 2382.01]
right 95% CI for the upper bound: [2139.45, 3450.53, 3452.06, 1922.41, 2792.72, 4060.37, 2384.16, 3266.01, 3145.91, 2704.51,
3182.44, 2947.38, 1714.08, 2431.67, 2333.62, 2581.4, 3292.6, 3835.92, 2830.02, 2314.46,
1642.95, 2217.1, 2009.57, 2621.71, 2712.05, 2035.7, 2842.69, 2728.48, 2704.12, 2875.96,
3781.96, 3200.67, 3243.47, 3051.27, 2153.93, 3094.2, 2411.52, 2432.92]
==================================================
==================================================
time horizon: 5
Benders cut: 1
Improved Benders cut: 1
FW sample paths: 2
total iterations: 46
total time elapsed: 698.724 seconds.
lower bounds improvement: [1113.51, 2132.82, 2195.43, 2232.12, 2247.23, 2262.48, 2268.05, 2282.49, 2284.25, 2287.17,
2289.31, 2293.65, 2293.7, 2296.45, 2297.16, 2297.26, 2297.61, 2297.77, 2298.08, 2298.78,
2299.1, 2299.46, 2299.81, 2299.91, 2299.91, 2299.98, 2300.07, 2300.07, 2300.12, 2300.17,
2300.2, 2300.2, 2300.2, 2300.23, 2300.33, 2300.39, 2300.47, 2300.49, 2300.51, 2300.52,
2300.53, 2300.53, 2300.59, 2300.59, 2300.61, 2300.61]
upper bounds improvement: [2800.39, 2371.76, 2187.53, 1874.8, 2585.23, 2993.9, 2313.41, 2267.19, 2431.84, 2996.24,
1962.81, 1816.63, 2495.95, 2307.54, 2697.73, 2230.6, 2613.88, 2233.43, 2195.86, 2651.42,
2265.82, 2360.02, 2653.42, 1821.02, 2219.7, 1856.39, 2265.36, 1612.05, 1939.72, 2265.47,
2248.24, 2270.42, 2210.79, 2210.96, 1970.37, 2388.85, 2231.33, 2132.49, 2364.15, 2350.54,
2322.74, 1883.59, 2877.82, 2570.47, 1750.01, 2277.34, 2294.8]
left 95% CI for the upper bound: [2315.3, 2048.49, 2098.53, 1032.03, 1450.54, 2296.54, 1837.57, 1111.9, 2411.49, 2721.33,
804.401, 1634.28, 2278.46, 2243.6, 1502.2, 1946.66, 1329.9, 1594.59, 1664.32, 1250,
1817.15, 1844.11, 1940, 1533.83, 533.557, 821.052, 300.212, 1367.4, 1179.14, 2033.24,
1640.87, 1251.12, 1270.55, 691.964, 1621.01, 2291.01, 1650.7, 2099.32, 2321.65, 1971.83,
1107.36, 1707.11, 1951.19, 1449.11, 1363.97, 2219.03, 2269.5]
right 95% CI for the upper bound: [3285.47, 2695.03, 2276.53, 2717.58, 3719.92, 3691.26, 2789.26, 3422.48, 2452.2, 3271.16,
3121.23, 1998.99, 2713.43, 2371.48, 3893.26, 2514.54, 3897.86, 2872.27, 2727.41, 4052.84,
2714.5, 2875.94, 3366.85, 2108.21, 3905.84, 2891.72, 4230.5, 1856.7, 2700.31, 2497.7,
2855.62, 3289.72, 3151.03, 3729.97, 2319.73, 2486.69, 2811.96, 2165.66, 2406.65, 2729.25,
3538.13, 2060.08, 3804.45, 3691.84, 2136.04, 2335.64, 2320.1]
==================================================
==================================================
time horizon: 5
Benders cut: 1
Improved Benders cut: 1
FW sample paths: 2
total iterations: 46
total time elapsed: 1008.76 seconds.
lower bounds improvement: [1006.9, 2139.22, 2223.98, 2228.44, 2239.46, 2242.43, 2243.12, 2246.14, 2246.25, 2246.57,
2246.62, 2250.09, 2250.4, 2251.64, 2251.75, 2252.14, 2252.14, 2253.19, 2253.34, 2253.67,
2253.76, 2253.9, 2254, 2254.13, 2254.34, 2254.73, 2255.15, 2255.23, 2255.59, 2255.59,
2255.69, 2255.77, 2255.78, 2255.78, 2255.78, 2255.78, 2255.97, 2255.99, 2256, 2256,
2256, 2256, 2256.01, 2256.01, 2256.02, 2256.1]
upper bounds improvement: [2277.9, 2402.03, 1976.76, 2402.11, 2673.35, 2081.35, 2401.35, 2229.52, 1996.12, 2264.97,
2197.03, 2843.74, 2617.18, 2732.96, 2439.88, 2085.38, 2713.97, 2638.19, 2117.2, 2554.65,
2360.78, 2509.81, 1813.22, 2180.35, 2238.48, 2257.31, 2370.13, 2139.85, 2680.82, 2173.32,
2778.67, 2249.27, 2399.3, 2597.69, 1561.15, 2312.68, 1948.28, 2136.48, 2280.61, 2425.41,
2333.74, 2064.68, 1789.32, 2477.48, 2360.34, 2264.7, 2263.29]
left 95% CI for the upper bound: [1301.77, 2215.2, 1445.62, 2110.15, 2512.83, 1022.94, 1130.58, 1511.21, 1193.21, 2073.73,
1896.28, 1853.31, 2257.14, 1483.95, 1376.3, 1499.34, 2431.55, 2339.06, 1762.29, 1968.7,
1471.28, 2086.59, 1350.08, 1783.45, 2219.73, 1937.13, 1781.86, 1790.02, 2517.32, 961.193,
2707.51, 2001.35, 2225.68, 2083.58, 1172.71, 1814.84, 1639.22, 2063.5, 1647.22, 1442.96,
1175.8, 985.817, 1607.14, 2253.13, 2240.49, 2213.41, 2240.73]
right 95% CI for the upper bound: [3254.02, 2588.86, 2507.89, 2694.07, 2833.86, 3139.75, 3672.12, 2947.82, 2799.03, 2456.21,
2497.79, 3834.16, 2977.23, 3981.98, 3503.46, 2671.43, 2996.38, 2937.33, 2472.11, 3140.61,
3250.27, 2933.02, 2276.37, 2577.25, 2257.23, 2577.5, 2958.41, 2489.68, 2844.31, 3385.46,
2849.84, 2497.19, 2572.92, 3111.8, 1949.59, 2810.52, 2257.33, 2209.46, 2914, 3407.87,
3491.68, 3143.54, 1971.5, 2701.82, 2480.2, 2315.98, 2285.86]
