5, 2, 2246.44, 34, 2229.77, 2278.22, , , 318.052
6, 2, 2818.94, 74, 2796.85, 2855.77, , , 2146.85
7, 2, 3564.44, 111, 3523.68, 3588.91, , , 3878.2
8, 2, 4159.41, 152, 4109.62, 4207.46, , , 5513.76
9, 2, 5058.62, 230, 4997.13, 5102.01, , , 9240.91

6, 5, 2, 2967.01, 88, 2913.42, 2975.14, , , 502.43
6, 10, 2, 2948.1, 52, 2929.29, 2994.48, , , 361.167
6, 15, 2, 2917.71, 73, 2894.37, 2954.47, , , 542.129
6, 20, 2, 2987.26, 76, 2972.15, 3028.15, , , 1087.17
6, 30, 2, 2847.93, 85, 2813.43, 2870.83, , , 864.01
6, 40, 2, 2907.82, 74, 2848.8, 2908.73, , , 1492.1

6, 3, 2, 2591.47, 42, 2576.27, 2618.11, , , 169.639
6, 5, 2, 3319.45, 111, 3311.15, 3350, , , 549.866
6, 10, 2, 2538.32, 39, 2504.42, 2568.94, , , 237.256
6, 15, 2, 2820.68, 50, 2792.88, 2852.54, , , 397.819
6, 20, 2, 2951.53, 61, 2918.29, 2978.15, , , 882.682
6, 30, 2, 2742.5, 73, 2732.39, 2789.98, , , 1699.36
6, 40, 2, 3089.36, 72, 3045.63, 3111.68, , , 2348.98
6, 50, 2, 3004.25, 54, 2971.96, 3032.15, , , 2806.57
5, 3, 2, 2037.73, 20, 1992.58, 2059.54, , 77.3536
5, 5, 2, 2283.12, 32, 2259.22, 2307.53, , 105.719
5, 10, 2, 2388.01, 28, 2375.9, 2419.18, , 144.073
5, 15, 2, 2282.96, 38, 2231.95, 2285.67, , 275.956
5, 20, 2, 2120.43, 34, 2112.16, 2154.59, , 207.817
5, 30, 2, 2420.97, 52, 2396.82, 2448.26, , 392.59
5, 40, 2, 2300.61, 52, 2280.82, 2330.78, , 735.929
5, 50, 2, 2256.17, 55, 2226.39, 2271.22, , 1043.36
5, 3, 2, 2037.73, 22, 2021.22, 2087.7, , 82.5969
5, 5, 2, 2283.12, 22, 2271.72, 2318.71, , 98.967
5, 10, 2, 2388.02, 32, 2361.39, 2406.05, , 179.719
5, 15, 2, 2282.96, 40, 2261.72, 2313.42, , 329.041
5, 20, 2, 2120.66, 43, 2102.14, 2144.83, , 459.392
5, 30, 2, 2420.96, 37, 2382.01, 2432.92, , 463.119
5, 40, 2, 2300.61, 46, 2269.5, 2320.1, , 698.724
5, 50, 2, 2256.1, 46, 2240.73, 2285.86, , 1008.76
