==================================================
==================================================
time horizon: 5
Benders cut: 1
Improved Benders cut: 0
Lagrangian cut: 1
Integer Optimality cut: 0
FW sample paths: 2
total iterations: 22
total time elapsed: 467.953 seconds.
lower bounds improvement: [1346.22, 1984.1, 2218.68, 2221.01, 2242.59, 2243.04, 2244.29, 2244.34, 2244.59, 2244.9,
2245.84, 2245.84, 2246.44, 2246.44, 2246.44, 2246.44, 2246.44, 2246.44, 2246.44, 2246.44,
2246.44, 2246.44]
upper bounds improvement: [2547.33, 2859.81, 2280.6, 2025.05, 1479.94, 2021.29, 1806.95, 2309.33, 1580.85, 2687.7,
1856.64, 2261.81, 1910.18, 2398.43, 2436.19, 2497.48, 1822.89, 2628.46, 2943.05, 2693.51,
2324.33, 2246.6, 2238.95]
left 95% CI for the upper bound: [2148.03, 2518.25, 1369.86, 1311.37, 1411.72, 1864.34, 1569.7, 1195.9, 1572.36, 1593.32,
1318.5, 1962.3, 1485.27, 2376.43, 1643.45, 1748.48, 1465.65, 2068.05, 2726.24, 2417.89,
1332.29, 2192.52, 2215.42]
right 95% CI for the upper bound: [2946.63, 3201.37, 3191.33, 2738.72, 1548.17, 2178.23, 2044.21, 3422.77, 1589.33, 3782.08,
2394.79, 2561.32, 2335.1, 2420.44, 3228.93, 3246.49, 2180.14, 3188.86, 3159.85, 2969.13,
3316.38, 2300.68, 2262.47]
==================================================
==================================================
time horizon: 6
Benders cut: 1
Improved Benders cut: 0
Lagrangian cut: 1
Integer Optimality cut: 0
FW sample paths: 2
total iterations: 67
total time elapsed: 4471.67 seconds.
lower bounds improvement: [1355.33, 2108.67, 2689.97, 2697.92, 2757.09, 2761.8, 2766.52, 2776.25, 2785.04, 2785.95,
2786.25, 2788.55, 2791.59, 2795.06, 2795.77, 2799.76, 2806.58, 2807.32, 2809.37, 2810.97,
2811.57, 2812.43, 2812.72, 2812.91, 2813.16, 2813.24, 2813.45, 2814.22, 2814.22, 2814.53,
2815.62, 2816.23, 2816.23, 2816.24, 2816.25, 2816.93, 2817.44, 2817.53, 2817.65, 2818.37,
2818.41, 2818.41, 2818.41, 2818.41, 2818.41, 2818.41, 2818.43, 2818.43, 2818.67, 2818.67,
2818.67, 2818.67, 2818.67, 2818.67, 2818.67, 2818.67, 2818.67, 2818.83, 2818.83, 2818.83,
2818.83, 2818.83, 2818.83, 2818.9, 2818.9, 2818.9, 2818.95]
upper bounds improvement: [3199.34, 3267.6, 2816.21, 2571.35, 2373.4, 2906.96, 2680.67, 3086.04, 3289.82, 3075.23,
2838.48, 3193.21, 2920.17, 3293.04, 2636.96, 2918.81, 3000.31, 2435.59, 3129.21, 3194.04,
3640.84, 2604.07, 3377.49, 2413.63, 2412.8, 2168.34, 3383.67, 2702.87, 2997.68, 2994.44,
2971.94, 2569.2, 2641.56, 2657.18, 3191.5, 3024.58, 2869.95, 3099.85, 2732.78, 2661.72,
2240.52, 3089.31, 3239.39, 3087.38, 3325.15, 2200.91, 2198.19, 3183.48, 2883.97, 2850.28,
1976.88, 2906.12, 2682.7, 2218.3, 2946.82, 3203.5, 2185.11, 2866.21, 2476.24, 3173.15,
2772.95, 2998.28, 3575.01, 2612.76, 2015.36, 2214, 2861.8, 2809.36]
left 95% CI for the upper bound: [3144.23, 3126.87, 1263.12, 1757.24, 2206.04, 1995.87, 1788.15, 2575.01, 3193.49, 1527.65,
2111.2, 2490.01, 2205.93, 3181.58, 2347.74, 2901.03, 2555.31, 1936.16, 2612.82, 2772.24,
2958.61, 1725.5, 3347.9, 1183.1, 2185.91, 1635.46, 2146.95, 1670.12, 2234.25, 1646,
1664.24, 2032.76, 918.628, 1305.5, 2514.79, 2272.32, 2304.59, 2261.62, 2326.05, 2183.26,
1914.21, 2564.02, 3071.96, 2624.56, 3241.48, 1954.17, 2099.29, 2631.76, 2816.89, 2409.4,
1671.96, 2597.97, 1392.32, 2014.26, 2711.67, 2938.7, 1636.68, 2801.13, 2395.54, 2101.83,
2496.32, 2733.45, 3168.67, 1960.23, 1135.96, 2085.01, 2792, 2780.01]
right 95% CI for the upper bound: [3254.44, 3408.34, 4369.31, 3385.46, 2540.77, 3818.04, 3573.19, 3597.08, 3386.16, 4622.82,
3565.76, 3896.41, 3634.41, 3404.51, 2926.18, 2936.6, 3445.32, 2935.02, 3645.59, 3615.84,
4323.07, 3482.64, 3407.08, 3644.17, 2639.7, 2701.21, 4620.38, 3735.62, 3761.11, 4342.88,
4279.64, 3105.64, 4364.5, 4008.87, 3868.22, 3776.85, 3435.31, 3938.08, 3139.52, 3140.18,
2566.82, 3614.6, 3406.81, 3550.19, 3408.81, 2447.64, 2297.09, 3735.19, 2951.04, 3291.16,
2281.8, 3214.28, 3973.08, 2422.35, 3181.97, 3468.3, 2733.55, 2931.29, 2556.94, 4244.48,
3049.58, 3263.1, 3981.35, 3265.29, 2894.76, 2343, 2931.61, 2838.72]
==================================================
==================================================
time horizon: 7
Benders cut: 1
Improved Benders cut: 0
Lagrangian cut: 1
Integer Optimality cut: 0
FW sample paths: 2
total iterations: 107
total time elapsed: 10213.7 seconds.
lower bounds improvement: [1089.63, 3254.19, 3295.63, 3371.59, 3387.85, 3413.11, 3476.58, 3479.31, 3483.09, 3494.49,
3496.41, 3496.88, 3502.16, 3505.63, 3511.83, 3518.62, 3518.92, 3519.95, 3522.79, 3524.65,
3527.39, 3533.2, 3535.4, 3537.71, 3540.78, 3540.83, 3541.16, 3543.31, 3544.7, 3547.01,
3547.17, 3548.35, 3549.18, 3549.42, 3551.04, 3551.24, 3552.48, 3553.76, 3554.05, 3554.52,
3555.14, 3555.79, 3556.19, 3556.72, 3556.74, 3557.43, 3558.01, 3558.2, 3558.4, 3558.73,
3558.92, 3559.05, 3559.07, 3559.78, 3560, 3560.03, 3560.07, 3560.07, 3560.19, 3561.09,
3561.65, 3561.91, 3562.12, 3562.17, 3562.19, 3562.27, 3562.38, 3562.46, 3562.47, 3562.64,
3562.68, 3562.77, 3562.91, 3563, 3563.04, 3563.06, 3563.08, 3563.08, 3563.23, 3563.28,
3563.29, 3563.32, 3563.32, 3563.32, 3563.33, 3563.45, 3563.49, 3563.55, 3563.59, 3563.61,
3563.61, 3563.66, 3563.66, 3563.67, 3563.71, 3563.71, 3563.71, 3564.44, 3564.44, 3564.44,
3564.44, 3564.44, 3564.45, 3564.45, 3564.45, 3564.45, 3564.48]
upper bounds improvement: [3593.99, 2698.54, 4696.51, 2941.57, 3898.23, 3839.36, 3445.33, 3468.16, 4384.48, 3970,
3338.62, 3267.92, 3003.41, 3328.68, 2783.09, 3308.56, 4272.28, 4036.77, 2917.9, 3992.43,
3364.25, 3467.54, 4004.81, 3970.98, 4481.31, 3956.84, 4011.37, 4546.56, 3472.65, 3033.29,
2913.73, 3947.87, 3049.75, 3082.36, 3308.17, 3762.54, 3741.88, 3735.47, 4347.14, 3577.92,
3403.89, 3839.49, 3451.05, 3036.67, 3684.01, 3568.14, 4345.77, 4248.96, 3061.93, 3963.22,
3104.99, 4076.46, 3682.73, 2896.06, 3677.22, 3721.33, 3357.16, 4342.18, 3965.79, 3182.88,
3776.97, 3141.22, 2910.09, 3302.7, 3485.21, 3130.94, 3035.67, 3861.11, 4159.55, 3098.02,
3010.84, 3221, 2973.32, 3315.45, 3073.34, 3321.47, 4063.54, 4141.91, 3451.7, 3883.6,
3867.42, 3857.91, 3961.9, 3596.59, 3328.34, 4074.38, 3811.58, 3254.47, 3796.44, 3786.74,
4182.86, 3311.19, 3275.52, 4223.49, 3436.2, 3636.22, 3760.74, 3591.86, 2680.04, 3269.2,
3380.5, 3324.65, 3468.79, 3241.32, 4020.74, 3983.65, 3547.44, 3551.76]
left 95% CI for the upper bound: [2797.23, 2088.19, 4622.2, 1761.65, 3751.17, 3792.4, 2543.38, 2748.41, 3253.24, 3560.55,
3097.43, 2801.96, 2472.86, 2913.46, 1812.07, 2940.79, 2810.93, 2511.65, 2197.5, 3731.08,
2543.67, 3093.49, 3283.93, 3722.3, 4056.49, 2809.84, 3850.63, 4349.08, 2728.65, 2391.07,
2766.11, 3920.79, 2315.1, 2339.28, 2971.12, 3205.95, 3570, 3323.77, 3648.81, 3185.53,
3070.61, 2869.92, 2592.47, 2868.52, 3630.96, 3433.37, 3415.07, 2909.47, 2397.32, 3957.19,
2871.14, 2428.42, 3006.38, 1488.61, 1564.89, 2673.03, 2758.92, 3589.92, 3178.43, 2481,
3327.69, 2919.57, 1665.93, 2209.76, 2660.01, 1872.68, 2608.39, 3809.41, 3900.7, 3092.04,
2886.67, 3040.07, 1016.64, 2959.22, 1598.72, 3154.89, 4061.68, 2254.73, 3374.79, 3798.87,
3560.03, 3587.56, 3409.42, 2842.07, 2802.11, 3893.87, 3612.41, 2955.79, 3270.22, 2508.58,
3012.73, 1910.75, 2975.71, 4195.53, 3200.3, 3165.76, 3382.78, 3517.58, 1751.68, 2933.65,
2561.85, 2190, 2412.87, 2935.55, 3609.09, 3802.8, 3480.63, 3518.68]
right 95% CI for the upper bound: [4390.75, 3308.89, 4770.82, 4121.49, 4045.28, 3886.32, 4347.28, 4187.91, 5515.72, 4379.45,
3579.81, 3733.89, 3533.96, 3743.9, 3754.12, 3676.33, 5733.63, 5561.9, 3638.3, 4253.78,
4184.84, 3841.6, 4725.69, 4219.66, 4906.13, 5103.83, 4172.1, 4744.03, 4216.66, 3675.51,
3061.36, 3974.95, 3784.4, 3825.45, 3645.21, 4319.13, 3913.76, 4147.18, 5045.47, 3970.31,
3737.18, 4809.05, 4309.64, 3204.83, 3737.05, 3702.9, 5276.48, 5588.45, 3726.54, 3969.26,
3338.85, 5724.49, 4359.08, 4303.5, 5789.55, 4769.64, 3955.4, 5094.44, 4753.15, 3884.76,
4226.25, 3362.86, 4154.25, 4395.64, 4310.41, 4389.2, 3462.95, 3912.81, 4418.39, 3104.01,
3135.02, 3401.92, 4929.99, 3671.67, 4547.96, 3488.04, 4065.41, 6029.09, 3528.6, 3968.33,
4174.8, 4128.26, 4514.38, 4351.11, 3854.57, 4254.9, 4010.76, 3553.15, 4322.67, 5064.89,
5352.99, 4711.63, 3575.33, 4251.45, 3672.11, 4106.67, 4138.71, 3666.14, 3608.4, 3604.74,
4199.16, 4459.3, 4524.71, 3547.09, 4432.39, 4164.49, 3614.25, 3584.85]
==================================================
==================================================
time horizon: 8
Benders cut: 1
Improved Benders cut: 0
Lagrangian cut: 1
Integer Optimality cut: 0
FW sample paths: 2
total iterations: 146
total time elapsed: 14163.7 seconds.
lower bounds improvement: [2219.01, 3092.45, 3135.88, 3484.72, 3836, 3842.49, 3924.08, 3979.82, 4000.96, 4007.9,
4017.16, 4017.29, 4017.46, 4021.13, 4035.63, 4039.52, 4054.81, 4065.58, 4071, 4076.58,
4080.56, 4089.71, 4093.07, 4099.22, 4099.26, 4101.43, 4104.01, 4104.32, 4104.46, 4110.52,
4116.23, 4120.24, 4121.82, 4123.02, 4124.65, 4128.11, 4131.79, 4133.56, 4136.1, 4137.02,
4137.41, 4139.99, 4140.35, 4140.52, 4141.39, 4141.56, 4142.13, 4143.56, 4143.96, 4144.35,
4145.38, 4145.82, 4146.14, 4146.38, 4146.56, 4146.7, 4146.85, 4147.46, 4147.68, 4148.15,
4148.35, 4149.06, 4149.52, 4149.86, 4150, 4151.92, 4152.13, 4152.24, 4152.62, 4152.75,
4153.2, 4153.42, 4153.42, 4153.52, 4153.58, 4153.95, 4154.28, 4154.45, 4154.58, 4154.73,
4154.82, 4154.84, 4154.93, 4155.14, 4155.23, 4155.34, 4155.76, 4155.87, 4155.9, 4155.93,
4156.13, 4156.37, 4156.43, 4156.49, 4156.66, 4156.67, 4156.94, 4157.08, 4157.14, 4157.34,
4157.45, 4157.51, 4157.55, 4157.71, 4157.76, 4157.83, 4157.88, 4157.94, 4157.99, 4158.04,
4158.18, 4158.3, 4158.33, 4158.35, 4158.36, 4158.41, 4158.41, 4158.45, 4158.45, 4158.49,
4158.51, 4158.54, 4158.58, 4158.58, 4158.58, 4158.58, 4158.6, 4159.07, 4159.14, 4159.14,
4159.14, 4159.14, 4159.14, 4159.14, 4159.16, 4159.16, 4159.45, 4159.45, 4159.46, 4159.46,
4159.46, 4159.46, 4159.49, 4159.5, 4159.5, 4159.56]
upper bounds improvement: [3254.42, 4102.67, 5918.16, 5167.51, 4345.82, 5300.24, 2959.24, 4823.68, 4829.37, 4652.91,
3593.42, 5456.92, 4417.3, 4497.31, 4274.03, 4349.99, 4568.36, 4354.53, 3997.04, 4481.33,
5021.04, 4261.91, 4868.37, 3680.09, 3377.05, 3911.8, 4046.43, 4936.56, 3471.92, 4882.66,
3850.81, 3602.76, 4915.9, 4145.64, 3804.57, 3844.46, 4736.82, 2827.74, 3918.09, 4934.92,
4907.81, 5436.72, 4365.5, 4780.72, 3613.76, 4606.6, 3635.65, 3718.44, 3450.97, 3724.44,
3741.1, 3751.53, 4171.95, 3750.31, 3681.6, 4006.94, 3646.44, 3608.32, 3992.75, 4570.58,
3520.77, 3181.97, 4200.31, 4379.99, 3926.52, 4076.75, 4869.51, 2908.8, 4227.58, 4107.65,
4097.74, 4103.82, 3497.23, 3703.17, 4522.2, 5379.92, 3619.96, 4451.21, 4767.83, 3805.89,
3040.86, 4533.38, 3514.52, 3863.58, 4534.38, 3738.32, 4834.36, 4398.41, 4495.38, 5277.62,
4090.58, 4967.32, 3218.32, 5168.99, 5925.77, 4871.06, 3190.62, 3403.39, 3084.34, 4916.52,
3628.01, 4090.76, 3638.91, 3257.55, 3910.73, 3633.58, 3605.33, 4377.29, 4565.45, 3667.5,
4284.06, 3779.35, 3685.15, 4636.75, 5707.94, 4370.41, 4856.46, 3247.98, 4937.73, 4340.81,
2938.9, 3541.78, 5273.35, 3755.71, 5313.81, 3360.36, 3752.07, 4117.7, 4029.44, 3596.02,
5713.94, 4106.97, 3984.46, 3464.72, 3610.18, 3571.14, 4200.19, 3738.79, 5373.9, 3873.81,
3575.91, 3343.58, 3272.28, 4722.85, 3498.43, 4163.46, 4175.45]
left 95% CI for the upper bound: [2926.84, 3323.02, 4703.81, 4559.1, 3316, 4236.52, 2239.09, 4795.73, 4163.66, 4129.26,
3345.37, 3621.96, 3623.18, 3351.63, 4252.39, 3791.34, 1098.31, 2614.93, 3665.86, 3499.51,
2229.71, 3126.02, 1788.32, 3336.32, 2236.68, 3381.75, 3485.17, 2840.2, 2818.19, 4616.54,
2597.71, 3599.71, 2088.05, 3804.69, 3064.86, 3774.23, 3258.48, 2527.39, 3625.36, 2549.14,
4880.59, 4532.9, 3631.16, 4032.59, 3228.46, 792.453, 3363.18, 2630.41, 2922.02, 2580.84,
3022.46, 2476.04, 3710.69, 2884.8, 3440.3, 3051.34, 3072.01, 3320.74, 3369.97, 1784.15,
1919.32, 2518.58, 4097.73, 3276.66, 3709.57, 3461.05, 2113.08, 2734.73, 2408.61, 3504.19,
3492.02, 2880.94, 2097.54, 2737.67, 3260.27, 3161.87, 1938.95, 743.855, 1573.79, 3804.5,
2850.16, 3098.34, 2362.9, 3810.29, 3959.52, 3489.24, 4094.37, 3001.25, 835.219, 3211.48,
3170.3, 2076.81, 2908.79, 2880.28, 4962.42, 4716.65, 1887.67, 3120.81, 2214.55, 2854.72,
3621.92, 3993.29, 2261.64, 2222.35, 1700.88, 3489.59, 2625.31, 3162.77, 3733.13, 2532.29,
3962.7, 3719.92, 2531.41, 3718.17, 4458.32, 3201.75, 2631.55, 2328.57, 4153.6, 3187.49,
2797.12, 2793.92, 3948.78, 3541.14, 3064.1, 2979.3, 3657.51, 4011.14, 3728.45, 2954.98,
5112.79, 2117.12, 3160.41, 3005.94, 2429.7, 2388.93, 4096.52, 3639.25, 3399.67, 3833.97,
2196.41, 2870.42, 3212.94, 4246.85, 2607.12, 4050.4, 4126.85]
right 95% CI for the upper bound: [3582, 4882.32, 7132.51, 5775.92, 5375.65, 6363.96, 3679.39, 4851.64, 5495.09, 5176.56,
3841.48, 7291.88, 5211.43, 5642.99, 4295.67, 4908.65, 8038.4, 6094.12, 4328.21, 5463.14,
7812.36, 5397.81, 7948.43, 4023.86, 4517.42, 4441.86, 4607.69, 7032.92, 4125.66, 5148.78,
5103.91, 3605.82, 7743.74, 4486.6, 4544.28, 3914.7, 6215.16, 3128.1, 4210.82, 7320.71,
4935.02, 6340.54, 5099.84, 5528.84, 3999.07, 8420.74, 3908.13, 4806.46, 3979.93, 4868.03,
4459.75, 5027.02, 4633.21, 4615.82, 3922.91, 4962.53, 4220.86, 3895.89, 4615.52, 7357.02,
5122.21, 3845.36, 4302.89, 5483.32, 4143.46, 4692.44, 7625.95, 3082.87, 6046.55, 4711.11,
4703.46, 5326.69, 4896.92, 4668.68, 5784.13, 7597.96, 5300.97, 8158.57, 7961.87, 3807.29,
3231.55, 5968.43, 4666.14, 3916.87, 5109.23, 3987.4, 5574.35, 5795.57, 8155.53, 7343.76,
5010.86, 7857.82, 3527.84, 7457.7, 6889.12, 5025.47, 4493.56, 3685.97, 3954.12, 6978.33,
3634.1, 4188.23, 5016.17, 4292.75, 6120.58, 3777.56, 4585.36, 5591.82, 5397.77, 4802.72,
4605.42, 3838.78, 4838.88, 5555.33, 6957.56, 5539.08, 7081.37, 4167.38, 5721.86, 5494.14,
3080.68, 4289.64, 6597.93, 3970.28, 7563.52, 3741.41, 3846.63, 4224.25, 4330.43, 4237.06,
6315.09, 6096.81, 4808.51, 3923.49, 4790.67, 4753.36, 4303.86, 3838.33, 7348.12, 3913.65,
4955.42, 3816.74, 3331.63, 5198.85, 4389.73, 4276.51, 4224.04]
==================================================
==================================================
time horizon: 9
Benders cut: 1
Improved Benders cut: 0
Lagrangian cut: 1
Integer Optimality cut: 0
FW sample paths: 2
total iterations: 186
total time elapsed: 26993.7 seconds.
lower bounds improvement: [2074.8, 3874.91, 4046.93, 4551.18, 4562.45, 4664.54, 4799.74, 4816.42, 4833.28, 4848.18,
4887.54, 4926.98, 4955.09, 4960.22, 4961.46, 4967.06, 4968, 4968.07, 4968.35, 4969.67,
4969.8, 4970.59, 4971.37, 4972.49, 4972.71, 4973.21, 4974.79, 4976.78, 4977.2, 4977.75,
4980.23, 4980.91, 4983.08, 4985.74, 4986.82, 4987.3, 4988.5, 4989.54, 4990.81, 4992.27,
4993.34, 4995.24, 4996.52, 4998.68, 5001.88, 5002.14, 5002.41, 5003.74, 5005.49, 5008.32,
5009.3, 5013.57, 5016.06, 5018.85, 5019.64, 5020.33, 5020.56, 5021.55, 5024.78, 5025.18,
5025.28, 5026.94, 5028.07, 5028.77, 5029.83, 5031.67, 5032.06, 5032.66, 5033.6, 5033.96,
5034.64, 5034.98, 5036.09, 5036.93, 5037.08, 5037.7, 5038.47, 5038.71, 5039.7, 5040.11,
5040.56, 5041.05, 5041.15, 5041.22, 5043.1, 5043.33, 5044.11, 5044.38, 5044.57, 5045.02,
5045.31, 5045.67, 5046.38, 5047.45, 5047.71, 5047.73, 5047.97, 5048.02, 5048.11, 5049,
5049.56, 5049.72, 5049.73, 5049.86, 5050.02, 5050.3, 5050.59, 5050.75, 5051.16, 5051.61,
5051.69, 5051.77, 5051.92, 5052.17, 5052.3, 5052.85, 5053.05, 5053.24, 5053.43, 5053.5,
5053.79, 5054.48, 5054.86, 5054.96, 5055.14, 5055.4, 5055.59, 5055.74, 5055.93, 5056.02,
5056.04, 5056.13, 5056.16, 5056.4, 5056.41, 5056.67, 5056.84, 5056.86, 5056.87, 5056.94,
5056.94, 5056.97, 5057.07, 5057.08, 5057.14, 5057.28, 5057.37, 5057.61, 5057.62, 5057.69,
5057.72, 5057.86, 5057.92, 5057.95, 5057.96, 5057.97, 5058, 5058, 5058.08, 5058.17,
5058.19, 5058.19, 5058.2, 5058.21, 5058.21, 5058.22, 5058.23, 5058.49, 5058.49, 5058.49,
5058.49, 5058.49, 5058.49, 5058.5, 5058.5, 5058.52, 5058.75, 5058.75, 5058.75, 5058.75,
5058.75, 5058.75, 5058.75, 5058.75, 5058.76, 5058.82]
upper bounds improvement: [4536.63, 5038.99, 5149.26, 4710.03, 5750.09, 4868.33, 4896.98, 3356.01, 5964.83, 5803.93,
6812.77, 4164.36, 4589.34, 5738.31, 5786.75, 4888.12, 4827.06, 4475.51, 6729.8, 5297.59,
6153.29, 4975.85, 5243.79, 5449.81, 5387.29, 4717.63, 5069.06, 6294.12, 5179.08, 4970.78,
5275.97, 4426.49, 6335.26, 3909.39, 4847.95, 4513.22, 6173.51, 4736.11, 4624.66, 6403.37,
4126.67, 4487.13, 3423.12, 4264.98, 5311.37, 4562.68, 4894.05, 5138.29, 5075.49, 5758.23,
6193.09, 4200.64, 4719.74, 5076.45, 5667.2, 4623.03, 5817.3, 4837.11, 6087.63, 5073.72,
4335.22, 4853.61, 5111.88, 5889.01, 5256.29, 3668, 4652.5, 3494.29, 4120.01, 5887.94,
4374.44, 5249.35, 5634.6, 6129.19, 4824.9, 4975.34, 4944.67, 5816.99, 5413.83, 4808.27,
4350.79, 4054.3, 5385.21, 5210.51, 4920.88, 5360.52, 4178.04, 3759.32, 5719.83, 4326.4,
5013.52, 5119.69, 5639.02, 5945.61, 4556.17, 5326.67, 4976.89, 5250.46, 5291.58, 4936.4,
4450.84, 4231.3, 4718.89, 5235.3, 4808.62, 4920.84, 5352.02, 4460.12, 4038.77, 4801.08,
6940.15, 4815.43, 3818.15, 6022.55, 5833.47, 6277.7, 4940.72, 4595.24, 5668.82, 6222.71,
5541.25, 5574.21, 5652.57, 4080.83, 5754.64, 5171.36, 4801.22, 4960.1, 5316.27, 4592.77,
5005.16, 5158.82, 5631.3, 5676.74, 5629.26, 5146.43, 5674.69, 7134.85, 4876.71, 6194.23,
5777.88, 4156.87, 3965.14, 5008.29, 4866.96, 3633.48, 5688.82, 5099.31, 3834.74, 5189,
6315.26, 4460.68, 6150.46, 4965.55, 4479.71, 4250.98, 5069.67, 5441.6, 3659.35, 3479.84,
5133.11, 4233.98, 5709.86, 4998.06, 5347.97, 5789.41, 4354.29, 5080.34, 4386.06, 5599.31,
6772.87, 3761, 4654.29, 6236.42, 5389.38, 4696.72, 5218.03, 5698.29, 5260.83, 4554.1,
5258.65, 5434.16, 4744.46, 5607.92, 5447.17, 4994.14, 5044.38]
left 95% CI for the upper bound: [3667.45, 4322.59, 3290.87, 3373.57, 4710.99, 2962.72, 4167.7, 2662.56, 2216.84, 5348.97,
6201.02, 2394.59, 3774.95, 4773.03, 5284.52, 3624.26, 4144.31, 2904.66, 5917.6, 3780.61,
5765.75, 4874.41, 2639.94, 5403.49, 3530.25, 2486.38, 2274.01, 6095.75, 4595.68, 4016.96,
3708.66, 3217.62, 6228.52, 3470.77, 4727.59, 2717, 5949.7, 4153.14, 3408.79, 3577.09,
3727.95, 3654.21, 2280.58, 2429.04, 4579.92, 3165.93, 3243.97, 4743.14, 4843.6, 2723.1,
5896.51, 3943.44, 3556.85, 3153.86, 5639.07, 2494.29, 4637.41, 4182.71, 5793.26, 3376.1,
2940.18, 3315.84, 2971.71, 5884.7, 3170.09, 3284.52, 4268.5, 3174.36, 3887.61, 2462.67,
4282.35, 4941.87, 5353.35, 5884.36, 1996.44, 3114.08, 3824.32, 4257.43, 2962.23, 3591.17,
4139.85, 3797.38, 5372.38, 2705.9, 3919.6, 4556.23, 3349.71, 2711.58, 3043.93, 3331.1,
3064.75, 4755.62, 4734.69, 2974.04, 3809.15, 5230.44, 3474.66, 4024.45, 1321.36, 3140.69,
2130.73, 2663.49, 2949.65, 4714.56, 3947.98, 2002.21, 3595.85, 2729.15, 3686.08, 3508.56,
5790.64, 3543.17, 3045.49, 5952.36, 4492.07, 5997.17, 3360.46, 2909.57, 4604.43, 5813.1,
1950.37, 3304.95, 5066.71, 3944, 4622.66, 3353.56, 3798.04, 3976.31, 5229.99, 1736.98,
2706.89, 3000.65, 3659.43, 4505.24, 5426.55, 3699.59, 2260.3, 6236.43, 3519.13, 3720.69,
5532.68, 4038.06, 3471.77, 2736.68, 3551.71, 3207.29, 4661.9, 3318.68, 2868.78, 4802.03,
4478.63, 4252.04, 5685.67, 2854.53, 3727.47, 2183.71, 4966.13, 4153.13, 2811.81, 3029.8,
4403.15, 3814.44, 4136.7, 3585.95, 4329.21, 5112.23, 3993.49, 4956.49, 2481.97, 4131.83,
5794.66, 3688.89, 2893.72, 4913.57, 3491.34, 3527.19, 5091.03, 5340.11, 5154.48, 4542.22,
4489.12, 4318.87, 3882.39, 5316.95, 4968.13, 4880.67, 4990.9]
right 95% CI for the upper bound: [5405.81, 5755.38, 7007.66, 6046.49, 6789.18, 6773.93, 5626.25, 4049.46, 9712.82, 6258.9,
7424.51, 5934.14, 5403.72, 6703.59, 6288.98, 6151.98, 5509.81, 6046.36, 7542, 6814.58,
6540.82, 5077.29, 7847.64, 5496.14, 7244.33, 6948.88, 7864.12, 6492.5, 5762.48, 5924.6,
6843.27, 5635.36, 6442, 4348.01, 4968.31, 6309.43, 6397.32, 5319.09, 5840.53, 9229.65,
4525.39, 5320.05, 4565.66, 6100.92, 6042.83, 5959.44, 6544.14, 5533.44, 5307.37, 8793.36,
6489.67, 4457.84, 5882.62, 6999.03, 5695.33, 6751.77, 6997.19, 5491.51, 6381.99, 6771.35,
5730.26, 6391.39, 7252.04, 5893.32, 7342.5, 4051.48, 5036.49, 3814.22, 4352.4, 9313.21,
4466.54, 5556.84, 5915.86, 6374.02, 7653.36, 6836.6, 6065.02, 7376.54, 7865.44, 6025.36,
4561.72, 4311.21, 5398.04, 7715.12, 5922.16, 6164.81, 5006.37, 4807.06, 8395.73, 5321.7,
6962.29, 5483.76, 6543.34, 8917.18, 5303.18, 5422.91, 6479.12, 6476.47, 9261.79, 6732.11,
6770.95, 5799.12, 6488.13, 5756.04, 5669.26, 7839.47, 7108.2, 6191.09, 4391.46, 6093.59,
8089.66, 6087.7, 4590.81, 6092.73, 7174.87, 6558.24, 6520.97, 6280.9, 6733.21, 6632.31,
9132.13, 7843.47, 6238.43, 4217.67, 6886.62, 6989.16, 5804.39, 5943.9, 5402.55, 7448.55,
7303.43, 7316.98, 7603.16, 6848.24, 5831.96, 6593.26, 9089.08, 8033.28, 6234.29, 8667.77,
6023.09, 4275.68, 4458.51, 7279.9, 6182.21, 4059.67, 6715.73, 6879.95, 4800.69, 5575.98,
8151.89, 4669.32, 6615.24, 7076.57, 5231.95, 6318.25, 5173.22, 6730.07, 4506.89, 3929.88,
5863.06, 4653.51, 7283.02, 6410.18, 6366.73, 6466.58, 4715.1, 5204.19, 6290.15, 7066.79,
7751.08, 3833.11, 6414.87, 7559.27, 7287.42, 5866.25, 5345.03, 6056.46, 5367.17, 4565.99,
6028.18, 6549.45, 5606.53, 5898.89, 5926.2, 5107.61, 5097.86]
