Time horizon: 5; Benders' cut: 1; Improved Benders' cut: 1
==================================================
==================================================
time horizon: 5
Benders cut: 1
Improved Benders cut: 0
FW sample paths: 2
total iterations: 34
total time elapsed: 318.052 seconds.
lower bounds improvement: [1304.41, 2092.49, 2199.96, 2225.15, 2227.51, 2240.66, 2242.69, 2243.22, 2243.22, 2243.79,
2244.05, 2244.28, 2244.4, 2244.51, 2244.95, 2244.95, 2244.95, 2245.32, 2245.53, 2245.86,
2245.99, 2246.22, 2246.28, 2246.28, 2246.44, 2246.44, 2246.44, 2246.44, 2246.44, 2246.44,
2246.44, 2246.44, 2246.44, 2246.44]
upper bounds improvement: [1674.54, 2317.49, 1750.38, 2134.2, 2071.15, 2464.5, 1909.87, 2701.51, 1909.68, 2115.67,
2057.98, 2159.73, 2380.29, 1923.19, 2154.18, 3016.08, 2207.23, 2426.96, 1607.24, 2371.43,
2089.8, 2540.94, 2862.46, 2403.82, 2144.07, 2262.71, 2342.44, 2425.27, 2205.79, 1679.24,
2103.67, 1896.43, 1685.06, 2238.61, 2253.99]
left 95% CI for the upper bound: [1475.53, 1454.55, 1350.5, 1985.37, 1456.52, 1769.59, 1505.9, 2487.64, 1565.74, 2063.31,
1389.41, 1709.64, 1979.89, 1917.2, 1743.39, 2571.78, 1970.04, 1885.91, 1363.28, 2350.81,
1735.88, 2102.79, 2166.5, 1548.94, 1521.44, 1598.11, 1967.32, 2212.38, 2052.13, 969.655,
2086.78, 1833.65, 907.029, 2183.34, 2229.77]
right 95% CI for the upper bound: [1873.55, 3180.43, 2150.25, 2283.03, 2685.78, 3159.41, 2313.83, 2915.39, 2253.62, 2168.03,
2726.54, 2609.82, 2780.69, 1929.19, 2564.97, 3460.38, 2444.43, 2968.02, 1851.21, 2392.05,
2443.72, 2979.08, 3558.41, 3258.71, 2766.7, 2927.31, 2717.57, 2638.17, 2359.44, 2388.82,
2120.57, 1959.21, 2463.1, 2293.88, 2278.22]
Time horizon: 6; Benders' cut: 1; Improved Benders' cut: 1
==================================================
==================================================
time horizon: 6
Benders cut: 1
Improved Benders cut: 0
FW sample paths: 2
total iterations: 74
total time elapsed: 2146.85 seconds.
lower bounds improvement: [1010.14, 2322.74, 2431.49, 2594.02, 2712.36, 2727.38, 2740.29, 2771.47, 2777.87, 2795.05,
2798.54, 2799.58, 2802.02, 2803.52, 2803.84, 2806.87, 2807.09, 2807.54, 2808.15, 2808.15,
2808.21, 2808.32, 2808.94, 2809.49, 2810.28, 2811.38, 2812.02, 2812.46, 2812.91, 2814.38,
2815.09, 2815.2, 2815.67, 2815.67, 2816.37, 2816.74, 2816.93, 2817.01, 2817.29, 2817.29,
2817.3, 2817.31, 2817.32, 2817.46, 2817.54, 2817.64, 2817.78, 2817.78, 2817.81, 2817.81,
2817.81, 2817.81, 2817.82, 2817.82, 2817.84, 2818.55, 2818.55, 2818.55, 2818.55, 2818.55,
2818.55, 2818.55, 2818.55, 2818.55, 2818.89, 2818.89, 2818.89, 2818.89, 2818.89, 2818.89,
2818.89, 2818.89, 2818.89, 2818.94]
upper bounds improvement: [3549.55, 3007.75, 3485.9, 3543.14, 3207.94, 2494.7, 2633.66, 2977.99, 2519.52, 2523.65,
2191.3, 2444.39, 2931.61, 2833.5, 3055.14, 3646.62, 2825.9, 3039.34, 3429.78, 2677.46,
3086.6, 2454.8, 2707.93, 3496.48, 2974.05, 2866.7, 3591.07, 2474.35, 2598.1, 2964.06,
2938.5, 2621.4, 3547.5, 2212.01, 3576.01, 2716.66, 2438.85, 2552.8, 3351.1, 2426.63,
2954.53, 2429.73, 2030.49, 2631.41, 3802.07, 2744.56, 3433.47, 3462.17, 3377.59, 3086.75,
2902.87, 2874.76, 3454.15, 2511.81, 2577.63, 2836.99, 3251.15, 3243.99, 2521.18, 2769.23,
2699.98, 2977.12, 3067.05, 2459.69, 2840.53, 3484.19, 1982.97, 2369.47, 3167.14, 3049.06,
3196.48, 3240.39, 2659.93, 2815.6, 2826.31]
left 95% CI for the upper bound: [2881.51, 2816.36, 2373.04, 2832.42, 3075.61, 2445.62, 1597.56, 1653.03, 1600.96, 2267.27,
1572.32, 977.159, 2663.88, 1902.66, 2360.58, 3347.44, 1256.17, 2707.33, 2860.84, 2229.04,
2618.09, 1074.53, 2559.14, 2928.11, 2837.58, 2209.33, 3460.03, 2145.16, 1555.08, 1960.23,
1350.89, 1995.75, 3433.98, 2070.97, 2968.85, 2499.31, 1888.92, 1644.82, 2923.23, 1889.01,
2719.32, 1676.92, 1422.44, 1939.26, 3791.18, 2082.59, 2834.3, 3304.6, 3098.1, 1406.39,
2009.07, 1283.37, 2971.68, 1755.38, 1436.02, 2772.89, 2942.76, 1986.24, 1836.92, 2070.66,
1980.63, 2767.93, 1303.13, 1426.49, 2773.75, 2525.8, 1754.55, 2332.37, 3078.65, 2618.73,
2803.85, 2361.82, 1754.6, 2750.18, 2796.85]
right 95% CI for the upper bound: [4217.59, 3199.14, 4598.76, 4253.86, 3340.28, 2543.79, 3669.77, 4302.95, 3438.08, 2780.03,
2810.28, 3911.61, 3199.33, 3764.34, 3749.7, 3945.81, 4395.64, 3371.35, 3998.72, 3125.87,
3555.1, 3835.07, 2856.72, 4064.86, 3110.51, 3524.07, 3722.11, 2803.53, 3641.11, 3967.88,
4526.11, 3247.05, 3661.02, 2353.05, 4183.16, 2934.01, 2988.79, 3460.78, 3778.96, 2964.25,
3189.73, 3182.54, 2638.54, 3323.55, 3812.97, 3406.53, 4032.64, 3619.74, 3657.08, 4767.11,
3796.68, 4466.14, 3936.63, 3268.24, 3719.25, 2901.1, 3559.54, 4501.74, 3205.45, 3467.79,
3419.34, 3186.31, 4830.98, 3492.89, 2907.32, 4442.58, 2211.39, 2406.56, 3255.62, 3479.38,
3589.11, 4118.96, 3565.25, 2881.03, 2855.77]
Time horizon: 7; Benders' cut: 1; Improved Benders' cut: 1
==================================================
==================================================
time horizon: 7
Benders cut: 1
Improved Benders cut: 0
FW sample paths: 2
total iterations: 111
total time elapsed: 3878.2 seconds.
lower bounds improvement: [918.4, 3143.88, 3379.18, 3383.62, 3410.61, 3456.45, 3467.78, 3503.72, 3520.17, 3523.52,
3526.97, 3537.03, 3537.48, 3540.88, 3543.5, 3543.99, 3545.04, 3547.7, 3547.7, 3548.01,
3548.06, 3548.4, 3549.27, 3549.61, 3549.9, 3550.64, 3550.9, 3551.47, 3552.17, 3553.1,
3553.58, 3553.94, 3554.05, 3554.34, 3555.07, 3555.37, 3555.93, 3556.12, 3556.57, 3556.81,
3556.88, 3557.23, 3557.7, 3557.86, 3558.25, 3558.42, 3558.46, 3558.61, 3559.2, 3559.37,
3559.75, 3559.9, 3560.1, 3560.46, 3560.56, 3560.65, 3560.67, 3561.11, 3561.48, 3561.83,
3561.95, 3561.98, 3562.15, 3562.25, 3562.38, 3562.4, 3562.42, 3562.47, 3562.47, 3562.5,
3562.51, 3562.56, 3562.56, 3562.57, 3562.59, 3562.65, 3562.65, 3562.7, 3562.7, 3562.7,
3562.72, 3562.77, 3562.81, 3562.84, 3562.94, 3562.98, 3563.06, 3563.09, 3563.09, 3563.23,
3563.24, 3563.24, 3563.31, 3563.35, 3563.36, 3563.36, 3563.37, 3563.37, 3563.41, 3563.43,
3563.43, 3564.34, 3564.34, 3564.34, 3564.34, 3564.34, 3564.35, 3564.35, 3564.35, 3564.35,
3564.44]
upper bounds improvement: [3753.21, 3284.76, 3916.36, 3587.96, 3599.64, 3613.27, 3778.73, 3824.68, 3853.36, 3844.53,
3507.38, 2897.55, 3269.53, 4398.57, 3520.18, 4229.64, 3210.16, 3177.59, 3714.43, 2699.4,
3328.72, 3116.5, 2620.43, 3098.28, 3404.07, 4180, 3624.82, 2985.84, 3423.71, 4195.21,
3255.62, 4022.15, 3452.69, 4034.15, 4566.88, 4024.95, 3365.18, 2777.09, 4141.52, 3507.91,
3959.29, 4123.44, 4341.37, 3488.33, 2730.84, 3608.23, 3272.23, 3531.92, 3133.69, 3568.44,
3888.09, 2705.92, 2915.04, 3737.08, 3702.09, 3726.58, 2978.65, 3924.74, 3207.38, 3729.31,
4109.64, 3702.31, 3702.11, 3944.04, 4149.83, 3356.85, 3670.64, 3584.3, 3152.79, 3194.28,
4310.4, 3642.61, 3715.93, 3744.8, 3434.05, 2999.62, 3156.2, 3805.18, 3017.71, 3544.55,
4279.75, 2570.22, 2826.22, 3800.6, 3202.61, 3119.15, 3597.59, 3648.73, 3418.16, 3210.85,
3114.32, 3782.85, 3711.87, 4306.72, 3388.13, 4231.01, 4056.92, 4216.56, 2789.06, 3126.64,
3252.21, 3513.58, 4915.17, 3672.19, 3740.06, 3847.2, 3232.34, 3922.75, 4694.03, 4128.73,
3507.76, 3556.3]
left 95% CI for the upper bound: [2543.33, 2627.61, 3620.3, 2968.19, 2526.4, 3044.73, 2734.88, 3821.41, 3713.82, 3747.53,
2538.74, 1086.85, 2836.71, 3398.67, 2530.71, 3852.47, 2900.31, 3044.42, 3681.7, 1387.85,
2670.08, 1396.56, 1531.71, 2921.57, 2600.38, 2742.71, 2704.75, 2984.32, 3251.66, 3922.01,
3205.41, 3819.78, 2518.19, 3977.74, 3644.17, 2010.85, 3101.65, 1563.78, 3942.49, 2595.68,
3834.99, 3305.18, 3479.69, 2551.73, 2694.92, 2590.12, 1931.34, 2298.62, 1381.71, 2639.51,
3678.68, 1319.15, 2558.06, 2701.45, 3505.39, 2638.78, 1929.45, 3336.29, 2924.02, 3258.03,
3918.37, 2351.32, 2511.99, 2668.29, 2475.27, 2235.06, 3331.47, 2742.64, 3120.96, 2761.93,
2947.1, 3321.51, 3418.86, 1846.5, 2604.45, 1818.66, 2813.95, 3752.72, 2774.16, 2681.7,
4156.51, 1098.48, 2451.2, 3281.76, 2998.44, 3065.95, 920.745, 2435.23, 1896.8, 3063.18,
2771.72, 3153.65, 3243.91, 2875.14, 2762.78, 3299.85, 3838.99, 3163.33, 2333.97, 1345.31,
2933.65, 3437.9, 4914.31, 3138.17, 2822.69, 3835.64, 2835.91, 3861.43, 4136.1, 3861.06,
3436.36, 3523.68]
right 95% CI for the upper bound: [4963.1, 3941.91, 4212.42, 4207.72, 4672.87, 4181.8, 4822.59, 3827.95, 3992.91, 3941.52,
4476.03, 4708.25, 3702.35, 5398.48, 4509.64, 4606.81, 3520, 3310.75, 3747.16, 4010.96,
3987.35, 4836.44, 3709.15, 3274.99, 4207.77, 5617.29, 4544.88, 2987.35, 3595.77, 4468.41,
3305.83, 4224.52, 4387.18, 4090.56, 5489.59, 6039.04, 3628.71, 3990.39, 4340.54, 4420.15,
4083.6, 4941.7, 5203.05, 4424.92, 2766.77, 4626.34, 4613.13, 4765.22, 4885.68, 4497.36,
4097.51, 4092.69, 3272.02, 4772.7, 3898.79, 4814.39, 4027.86, 4513.18, 3490.73, 4200.59,
4300.92, 5053.29, 4892.22, 5219.79, 5824.39, 4478.63, 4009.81, 4425.96, 3184.63, 3626.64,
5673.71, 3963.72, 4012.99, 5643.11, 4263.65, 4180.57, 3498.45, 3857.64, 3261.26, 4407.4,
4402.99, 4041.96, 3201.23, 4319.45, 3406.78, 3172.36, 6274.43, 4862.24, 4939.51, 3358.52,
3456.92, 4412.05, 4179.83, 5738.29, 4013.49, 5162.17, 4274.84, 5269.79, 3244.14, 4907.97,
3570.77, 3589.26, 4916.02, 4206.21, 4657.42, 3858.76, 3628.77, 3984.06, 5251.95, 4396.41,
3579.17, 3588.91]
Time horizon: 8; Benders' cut: 1; Improved Benders' cut: 1
==================================================
==================================================
time horizon: 8
Benders cut: 1
Improved Benders cut: 0
FW sample paths: 2
total iterations: 152
total time elapsed: 5513.76 seconds.
lower bounds improvement: [952.596, 3396.77, 3635.48, 3682.82, 3684.92, 3947.29, 3977.17, 4096.48, 4110.27, 4111.7,
4112.83, 4114.72, 4117.25, 4121.4, 4122.05, 4122.81, 4125.44, 4128.01, 4128.44, 4128.77,
4128.77, 4129.47, 4129.94, 4130.53, 4131.59, 4131.67, 4132.1, 4132.4, 4132.72, 4133.1,
4133.45, 4133.49, 4134.03, 4134.17, 4134.63, 4134.77, 4134.96, 4135.31, 4135.62, 4136.33,
4136.73, 4137.12, 4137.99, 4138.27, 4139.49, 4139.56, 4140.1, 4140.19, 4140.87, 4141.36,
4141.78, 4141.88, 4142.06, 4142.64, 4142.91, 4143.26, 4143.29, 4144.08, 4145.15, 4145.42,
4145.57, 4145.81, 4145.91, 4146.06, 4146.99, 4147.45, 4147.7, 4147.75, 4148.15, 4148.63,
4148.87, 4149.47, 4150.06, 4150.78, 4151.15, 4151.73, 4152.12, 4152.33, 4152.41, 4152.85,
4153.04, 4153.23, 4153.28, 4153.41, 4153.66, 4153.68, 4154.16, 4154.25, 4154.8, 4154.83,
4154.88, 4155.08, 4155.15, 4155.19, 4155.36, 4155.98, 4156.36, 4156.56, 4156.64, 4156.8,
4156.88, 4157.01, 4157.04, 4157.1, 4157.29, 4157.3, 4157.35, 4157.36, 4157.42, 4157.57,
4157.65, 4157.71, 4157.74, 4157.75, 4157.84, 4157.87, 4157.97, 4157.99, 4158.07, 4158.08,
4158.14, 4158.26, 4158.4, 4158.4, 4158.54, 4158.64, 4158.68, 4158.68, 4158.68, 4158.7,
4158.72, 4158.74, 4158.75, 4158.75, 4159.16, 4159.16, 4159.17, 4159.18, 4159.19, 4159.22,
4159.22, 4159.22, 4159.22, 4159.34, 4159.34, 4159.36, 4159.36, 4159.37, 4159.39, 4159.39,
4159.39, 4159.41]
upper bounds improvement: [3120.5, 4897.52, 4948.59, 5255.66, 5528.5, 4378.53, 4282.12, 3993.5, 3444.13, 3816.8,
3908.27, 3407.9, 5007.09, 4276.56, 4087.94, 3679.98, 5246.53, 3164.55, 3978.84, 3331.54,
5670.17, 3985.37, 3108.3, 3872.59, 3899.56, 4137.15, 5667.35, 3567.9, 3199.5, 4130.53,
4927.53, 3429.05, 4075.53, 3426.18, 5106.31, 4860.59, 3161.63, 3595.59, 3486.21, 4026.89,
4314, 3864.84, 3633.13, 4053.25, 4453.46, 3152.92, 4402.05, 5769.62, 3122.52, 5054.2,
3997.57, 3522.78, 3533.67, 4304.13, 4924.6, 4830.7, 3706.23, 4759.15, 4214.92, 4879.75,
3841.59, 3575.02, 4408.29, 4891.48, 3474.43, 6227.93, 4422.09, 3606.11, 3368.65, 3411.85,
3720.55, 4500.6, 4990.09, 4232.92, 4374.94, 3646.11, 4643.81, 4152.54, 3442.56, 3801.12,
3852.31, 4491.08, 3658.58, 4425.34, 3906.69, 4673.48, 3583.45, 3784.29, 3918.83, 3884.29,
4015.09, 3466.29, 4171.45, 4889.02, 4962.7, 4605.11, 4394.75, 3021.98, 3748.27, 5160,
5570.92, 3937.18, 3595.79, 5437.12, 4525.81, 3950.57, 3706.37, 4479.89, 4579.49, 3553.23,
3862.06, 4039.73, 4525.07, 3435.25, 3896.35, 3837.77, 3740.51, 4083.87, 3164.91, 4628.05,
4227.37, 3209.35, 4472.84, 4770.71, 4154.25, 4729.72, 3369.94, 5042.02, 3165.9, 3897.16,
4488.69, 4227.65, 3260.99, 4036.83, 4179, 3766.78, 4517.22, 3901.86, 3207.94, 3826.33,
3227.76, 3842.12, 3738.31, 4105.83, 3098.5, 3987.75, 3165.48, 2985.56, 3907.41, 4276.8,
4880.86, 4179.57, 4158.54]
left 95% CI for the upper bound: [1817.19, 3728.91, 4007.51, 4777.69, 5306.04, 2711.17, 4203.88, 3250.59, 2853.14, 3504.6,
3470.91, 3170.18, 2511.96, 2627.95, 2368.95, 2457.74, 2861.09, 2969.05, 3350.29, 3052.4,
3520.96, 3351.58, 3002.75, 3170.1, 3171.4, 3379.1, 4036.3, 2698.84, 1961.08, 4060.22,
1795.36, 3213.58, 2303.62, 3093.98, 4916.25, 4144.92, 2657.81, 3327.97, 2670.2, 3479.88,
2814.26, 1863.64, 2520.46, 3746.69, 3023.02, 2346.8, 3019.91, 4058.23, 3074.28, 2732.45,
3146.83, 1940.16, 2130.72, 2543.21, 2656.08, 4188.13, 2361.02, 1520.41, 3998.45, 1923.46,
3171.6, 3433, 3166.43, 2766.76, 2762.11, 5818.42, 3269.82, 2624.37, 2897.79, 3296.91,
1450.77, 1967.72, 2946.55, 3628.57, 3256.07, 2469.26, 1076.95, 3224.26, 3330.76, 3748.52,
2665.04, 1219.77, 2767.06, 3201.94, 2792.91, 4381.2, 3255.43, 3436.73, 3917.47, 3807.34,
3535.26, 2598.05, 3346.87, 2436.74, 4625.02, 3846.17, 3518.45, 2200.13, 2365.35, 5069.43,
4171.42, 3803.16, 3138.91, 2767.27, 4521.99, 3709.74, 3362.39, 3361.21, 1892.4, 2667.57,
3762.24, 3208.49, 3221.55, 3369.59, 3510.79, 3478.68, 3671.98, 2330.55, 2411.14, 4024.12,
3876.67, 1930.26, 3319.33, 3916.71, 3793.98, 2840.85, 2167.64, 2081.31, 2278.08, 1545.05,
3087.86, 2444.08, 951.755, 3285.63, 4074.15, 2797.98, 1552.5, 3126.65, 2607.8, 2949.04,
2317.65, 1569.31, 2639.09, 3997.06, 2884.7, 3586.75, 3077.44, 1754.95, 3259.67, 401.281,
2612.31, 4068.14, 4109.62]
right 95% CI for the upper bound: [4423.81, 6066.14, 5889.67, 5733.63, 5750.96, 6045.89, 4360.37, 4736.4, 4035.13, 4128.99,
4345.64, 3645.62, 7502.22, 5925.18, 5806.93, 4902.23, 7631.96, 3360.05, 4607.39, 3610.68,
7819.38, 4619.17, 3213.85, 4575.09, 4627.71, 4895.21, 7298.41, 4436.97, 4437.91, 4200.84,
8059.7, 3644.53, 5847.45, 3758.38, 5296.37, 5576.26, 3665.45, 3863.22, 4302.22, 4573.91,
5813.75, 5866.05, 4745.81, 4359.81, 5883.89, 3959.04, 5784.19, 7481.01, 3170.75, 7375.95,
4848.31, 5105.39, 4936.61, 6065.05, 7193.11, 5473.27, 5051.44, 7997.88, 4431.38, 7836.05,
4511.58, 3717.05, 5650.15, 7016.21, 4186.76, 6637.45, 5574.36, 4587.85, 3839.52, 3526.8,
5990.32, 7033.48, 7033.62, 4837.27, 5493.8, 4822.95, 8210.68, 5080.82, 3554.36, 3853.73,
5039.59, 7762.4, 4550.1, 5648.74, 5020.47, 4965.76, 3911.47, 4131.85, 3920.19, 3961.24,
4494.92, 4334.53, 4996.03, 7341.31, 5300.38, 5364.06, 5271.06, 3843.83, 5131.18, 5250.56,
6970.41, 4071.2, 4052.67, 8106.97, 4529.63, 4191.41, 4050.35, 5598.57, 7266.59, 4438.89,
3961.87, 4870.97, 5828.6, 3500.91, 4281.9, 4196.87, 3809.05, 5837.19, 3918.67, 5231.97,
4578.06, 4488.43, 5626.34, 5624.7, 4514.52, 6618.59, 4572.23, 8002.72, 4053.73, 6249.28,
5889.53, 6011.23, 5570.22, 4788.04, 4283.85, 4735.59, 7481.93, 4677.06, 3808.09, 4703.61,
4137.88, 6114.93, 4837.53, 4214.61, 3312.3, 4388.75, 3253.53, 4216.18, 4555.16, 8152.31,
7149.41, 4291.01, 4207.46]
Time horizon: 9; Benders' cut: 1; Improved Benders' cut: 1
==================================================
==================================================
time horizon: 9
Benders cut: 1
Improved Benders cut: 0
FW sample paths: 2
total iterations: 230
total time elapsed: 9240.91 seconds.
lower bounds improvement: [2269.1, 3948.4, 4060.14, 4660.13, 4667.87, 4752.39, 4807.81, 4874.65, 4948.48, 4955.02,
5001.88, 5003.22, 5010.09, 5010.68, 5014, 5015.43, 5016.59, 5016.73, 5017.55, 5018.36,
5018.68, 5018.85, 5019.08, 5019.17, 5019.2, 5019.78, 5019.95, 5020.09, 5020.24, 5020.7,
5021.57, 5021.97, 5022.19, 5022.35, 5022.66, 5022.89, 5022.89, 5023.23, 5023.39, 5023.49,
5023.55, 5023.72, 5023.86, 5024.07, 5024.42, 5024.89, 5025.08, 5025.15, 5025.38, 5025.73,
5025.77, 5025.83, 5025.95, 5026.1, 5026.27, 5026.4, 5026.55, 5026.65, 5026.85, 5027.07,
5027.17, 5027.32, 5027.51, 5027.78, 5028.02, 5028.4, 5028.56, 5028.7, 5028.76, 5028.96,
5028.98, 5029.41, 5029.55, 5029.78, 5030.03, 5030.21, 5030.32, 5030.49, 5030.95, 5031.07,
5031.55, 5031.79, 5031.91, 5032.09, 5032.26, 5032.63, 5033.27, 5033.41, 5033.64, 5034.28,
5034.46, 5034.72, 5034.78, 5035.43, 5035.79, 5036.18, 5036.23, 5036.63, 5037.33, 5037.68,
5037.87, 5038.13, 5038.51, 5038.68, 5038.7, 5039.69, 5040.03, 5040.2, 5040.51, 5040.63,
5040.97, 5041.21, 5041.63, 5042.11, 5042.42, 5042.75, 5042.91, 5043.23, 5043.29, 5043.48,
5043.49, 5043.64, 5044.18, 5044.36, 5044.67, 5044.85, 5045.36, 5045.8, 5045.92, 5045.99,
5046.12, 5046.51, 5047.02, 5047.28, 5047.35, 5047.51, 5047.77, 5047.82, 5048.38, 5048.39,
5048.67, 5048.88, 5048.99, 5049.35, 5049.54, 5049.68, 5050.36, 5050.44, 5050.55, 5050.77,
5050.78, 5051.14, 5051.73, 5051.93, 5052.05, 5052.47, 5052.68, 5052.8, 5052.84, 5052.89,
5053.25, 5053.27, 5053.58, 5053.76, 5054.06, 5054.29, 5054.34, 5054.61, 5055.05, 5055.22,
5055.26, 5055.42, 5055.45, 5055.51, 5055.75, 5055.82, 5055.84, 5055.92, 5056.01, 5056.39,
5056.41, 5056.54, 5056.57, 5056.59, 5056.61, 5056.73, 5056.79, 5056.84, 5056.94, 5056.95,
5057.04, 5057.07, 5057.1, 5057.11, 5057.11, 5057.19, 5057.3, 5057.35, 5057.35, 5057.36,
5057.38, 5057.4, 5057.4, 5057.48, 5057.48, 5057.49, 5057.49, 5057.5, 5057.52, 5057.52,
5058.05, 5058.25, 5058.28, 5058.28, 5058.28, 5058.3, 5058.31, 5058.31, 5058.31, 5058.31,
5058.51, 5058.51, 5058.51, 5058.51, 5058.51, 5058.52, 5058.52, 5058.52, 5058.52, 5058.62]
upper bounds improvement: [4647.76, 7007.22, 5699.15, 5796.24, 4934.63, 4625.42, 5511.62, 5094.84, 4547.65, 5248.02,
4580.39, 4583.11, 5283.57, 4175.69, 4638.42, 5389.03, 6262.6, 3880.7, 3612.66, 5057.28,
4807.58, 4558.21, 5795.17, 6447.36, 5196.08, 4036.56, 6019.09, 5946.74, 5575.18, 4950.12,
5836.47, 4056.66, 6036.6, 5317.98, 4420.1, 5932.49, 4787.34, 5724.21, 5719.29, 4634.42,
5711.07, 5004.41, 5886.47, 5475.54, 4449.49, 4519.73, 5130.77, 4929.81, 4161.85, 5394.66,
4838.07, 4635.81, 3635.35, 5171.21, 4462.38, 5756.27, 5086.8, 3510.87, 6413.63, 4710.44,
6305.84, 5317.89, 5353.38, 6001.01, 4782.95, 5501.74, 4723.22, 5708.6, 6258.43, 6400.74,
5965.53, 4519.65, 5092.59, 5764.38, 3974.13, 5000.97, 4972.16, 4866.93, 4126.97, 4281.57,
4456.74, 4989.28, 4929.42, 5155.15, 5438.53, 4043.9, 4674.63, 6582.29, 4692.32, 4475.75,
4905.48, 5031.92, 5334.76, 4680.88, 4697.73, 4025.71, 5211.86, 4746.78, 4816.7, 6126.8,
4973.98, 4422.14, 5739.81, 5673.33, 4233.74, 6236.22, 5902.66, 5160.45, 5097.35, 4111.41,
4406.46, 6097.03, 5720, 4785.11, 5464.13, 4999.73, 6708.09, 5269.83, 3999.81, 5457.93,
5080.42, 4221.96, 6412.52, 5397.61, 5259.05, 5718.24, 5196.79, 6654.06, 5638.59, 5489.46,
4368.34, 5552.8, 5369.17, 4759.07, 4702.37, 4510.73, 4240.54, 5019.22, 5461.17, 5772.89,
4837.66, 5351.17, 5848.35, 5787.04, 3793.73, 5115.9, 4288.14, 5626.06, 4967.01, 4866.02,
4427.41, 5537.42, 4378.54, 4244.47, 4596.44, 4314.66, 3636.71, 4905.22, 5272.57, 6484.03,
5248.81, 4247.48, 3417.9, 4659.86, 4932.99, 5859.05, 4378.48, 6423.25, 4669.08, 5441.5,
4951.41, 6161.12, 5837.67, 4143.87, 3790.01, 5438.46, 5311.25, 5719.56, 4159.57, 4622.3,
5357.73, 4890.42, 5386.8, 4420, 5139.22, 4598.69, 4589.16, 5209.33, 4600.39, 4829.43,
7190.46, 4893.05, 4502.85, 4352.16, 5225.84, 5194.34, 5044.92, 4247.27, 4479.24, 6383.12,
4065.81, 3690.45, 4465.21, 5691.96, 6284.51, 5493.17, 5814.44, 5013.99, 5794.2, 4912.73,
5031.59, 6202.95, 5673.86, 4683.99, 4582.6, 5340.78, 5110.42, 5338.47, 3672.42, 4899.52,
5012.64, 4897.83, 5628.48, 4476.31, 5588.37, 5867.47, 5712.27, 5543.13, 4629.87, 5129.27,
5049.57]
left 95% CI for the upper bound: [3949.03, 6241.93, 4536.24, 4136.77, 3443.75, 3512.91, 4772.89, 3041.84, 2510.34, 4421.43,
3477.36, 3554.78, 3781.57, 2271.48, 4053.64, 3377.78, 4073.46, 2982.03, 2326.52, 2039.16,
3520.92, 2810.11, 4945.67, 4777.94, 3129.11, 3993.9, 4874.62, 2903.45, 1697.25, 3569.56,
4293.49, 3662.22, 5728.69, 3219.98, 1721.67, 2375.99, 3776.61, 5145.39, 4770.69, 3435.16,
4900.36, 2956.55, 5432.48, 4321.23, 4216.01, 3775.57, 4015.95, 3392.86, 3608.29, 3373.28,
3427.98, 3288.11, 3214.14, 2703.58, 3782.91, 5550.36, 3574.84, 3018.05, 6365.2, 3985.78,
5843.09, 4361.19, 3704.09, 5661.12, 3776.66, 1993.51, 1569.67, 5083.21, 5952.9, 4555.6,
4593.02, 4397.32, 3544.85, 2348.34, 3600.01, 3519.97, 2698.48, 3670.27, 3850.53, 3201.88,
3585.76, 3597.48, 3943.81, 3408.1, 4873, 3184.46, 3709.89, 3310.45, 3492.3, 3603.24,
2885.16, 2303.02, 3766.46, 3552.64, 3407.54, 3972.42, 5107.43, 2311.27, 2123.88, 5585.8,
2239.61, 4276.86, 4799.32, 5211.84, 2915.64, 6188.96, 5036.97, 3031.02, 3458.58, 4070.39,
2939.48, 5799.09, 2269.68, 3720.39, 5362.31, 4679.03, 4931.3, 4862.89, 2747.82, 3473.13,
2960.57, 2205.86, 4405.06, 2756.53, 5225.47, 4950.44, 4764.95, 4324.81, 4500, 4435.82,
3046.07, 5196.88, 4777.78, 3262.13, 2575.33, 3989.59, 3013.13, 3520.98, 5013.76, 5406.25,
3435.43, 5329.95, 2709.76, 5189.33, 3780.02, 3475.83, 2020.38, 5273.7, 2519.76, 2412.18,
3745.46, 5478.94, 2778.37, 3936.92, 2824.85, 4230.29, 3487.6, 3283.49, 3308.22, 6240.63,
2507.24, 3951.83, 2173.19, 2697.61, 4132.05, 4640.57, 3374.18, 5132.26, 3241.48, 3552.33,
2497.01, 5845.38, 5788.26, 2907.8, 3279.14, 3397.78, 5148.38, 5486.49, 3925.61, 3793.6,
4833.43, 4056.5, 4625.99, 2761.69, 3656.98, 2165.07, 2536.82, 3291.3, 3361.01, 3769.27,
5323.69, 3585.04, 3193.36, 3026.32, 2725.71, 2338.82, 4171, 2196.75, 2393.38, 5716.81,
3348.99, 2431.82, 2536.74, 5006.07, 6121.4, 3821.12, 5751.88, 2743.61, 4911.51, 3556.39,
4919.2, 6067.97, 4715.18, 3528.41, 2898.29, 5054.69, 3239.93, 3325.39, 2019.1, 3916.97,
4891.43, 3875.9, 4377.61, 3601.72, 5050.82, 5079.85, 4850.04, 4566.2, 3164.03, 5013.32,
4997.13]
right 95% CI for the upper bound: [5346.49, 7772.51, 6862.07, 7455.71, 6425.51, 5737.93, 6250.35, 7147.83, 6584.96, 6074.61,
5683.43, 5611.44, 6785.56, 6079.9, 5223.2, 7400.28, 8451.74, 4779.37, 4898.8, 8075.4,
6094.23, 6306.31, 6644.67, 8116.77, 7263.05, 4079.21, 7163.56, 8990.03, 9453.12, 6330.68,
7379.45, 4451.1, 6344.5, 7415.98, 7118.54, 9488.99, 5798.07, 6303.04, 6667.9, 5833.68,
6521.79, 7052.26, 6340.46, 6629.85, 4682.98, 5263.89, 6245.6, 6466.76, 4715.41, 7416.05,
6248.17, 5983.51, 4056.55, 7638.85, 5141.85, 5962.19, 6598.76, 4003.68, 6462.05, 5435.09,
6768.59, 6274.58, 7002.67, 6340.89, 5789.24, 9009.96, 7876.77, 6333.98, 6563.95, 8245.88,
7338.05, 4641.98, 6640.33, 9180.42, 4348.26, 6481.96, 7245.85, 6063.59, 4403.41, 5361.25,
5327.71, 6381.07, 5915.02, 6902.21, 6004.05, 4903.34, 5639.38, 9854.12, 5892.34, 5348.25,
6925.8, 7760.82, 6903.07, 5809.12, 5987.92, 4079, 5316.29, 7182.28, 7509.52, 6667.8,
7708.36, 4567.42, 6680.3, 6134.83, 5551.84, 6283.48, 6768.34, 7289.88, 6736.11, 4152.43,
5873.43, 6394.98, 9170.32, 5849.83, 5565.95, 5320.42, 8484.87, 5676.78, 5251.8, 7442.74,
7200.26, 6238.05, 8419.99, 8038.7, 5292.64, 6486.04, 5628.62, 8983.3, 6777.18, 6543.1,
5690.6, 5908.71, 5960.56, 6256.02, 6829.41, 5031.87, 5467.95, 6517.46, 5908.58, 6139.53,
6239.9, 5372.39, 8986.93, 6384.76, 3807.44, 6755.97, 6555.9, 5978.42, 7414.26, 7319.87,
5109.37, 5595.9, 5978.71, 4552.02, 6368.02, 4399.03, 3785.82, 6526.95, 7236.92, 6727.43,
7990.37, 4543.13, 4662.61, 6622.11, 5733.94, 7077.54, 5382.79, 7714.24, 6096.67, 7330.68,
7405.81, 6476.86, 5887.09, 5379.94, 4300.88, 7479.13, 5474.12, 5952.63, 4393.53, 5451,
5882.02, 5724.33, 6147.6, 6078.31, 6621.46, 7032.31, 6641.5, 7127.35, 5839.77, 5889.58,
9057.22, 6201.06, 5812.35, 5678, 7725.96, 8049.86, 5918.85, 6297.8, 6565.1, 7049.43,
4782.62, 4949.09, 6393.67, 6377.84, 6447.63, 7165.21, 5877, 7284.37, 6676.88, 6269.07,
5143.97, 6337.93, 6632.55, 5839.58, 6266.9, 5626.88, 6980.91, 7351.55, 5325.73, 5882.08,
5133.84, 5919.76, 6879.35, 5350.9, 6125.91, 6655.08, 6574.51, 6520.06, 6095.7, 5245.22,
5102.01]
