==================================================
==================================================
time horizon: 8
Benders cut: 1
Improved Benders cut: 0
FW sample paths: 2
total iterations: 340
total time elapsed: 27939.4 seconds.
lower bounds improvement: [2503.09, 3556.41, 3668.89, 3701.86, 3712.33, 3867.01, 3875.88, 3876.03, 3895.93, 3900.37,
3902.77, 3913.68, 3916.24, 3916.82, 3919.64, 3920.61, 3921.44, 3921.99, 3922.01, 3922.27,
3922.68, 3922.68, 3932.3, 3934.83, 3935.94, 3937.99, 3939.98, 3940.12, 3940.92, 3944.86,
3946.15, 3947, 3947.64, 3948.72, 3949.28, 3949.75, 3951.13, 3952.01, 3953.15, 3953.46,
3953.93, 3954.26, 3954.33, 3955.51, 3955.9, 3956.34, 3956.59, 3957.71, 3958.02, 3958.17,
3959.27, 3959.73, 3965.15, 3965.28, 3965.63, 3966.71, 3969.11, 3969.19, 3970.52, 3972.37,
3972.64, 3972.71, 3975.88, 3976.47, 3977.21, 3978.91, 3980.8, 3980.84, 3981.15, 3983.36,
3988.08, 3988.88, 3989.49, 3992.65, 3993.8, 3994.85, 3995.32, 3996.63, 3997.48, 3997.58,
3998.09, 3998.41, 3998.61, 3998.96, 3999.42, 4000.28, 4002.68, 4002.83, 4002.85, 4007.06,
4008.53, 4010.42, 4013.69, 4017.8, 4018.07, 4018.96, 4020.57, 4022.27, 4022.46, 4023.41,
4026.36, 4031.42, 4031.53, 4031.82, 4033.18, 4033.31, 4034.21, 4034.74, 4040.32, 4043.12,
4043.3, 4048.35, 4050.52, 4051.27, 4051.66, 4054.52, 4055.85, 4056.05, 4058.32, 4058.96,
4059, 4061.4, 4062.11, 4063.75, 4064.11, 4065.3, 4065.87, 4069.19, 4069.43, 4070.87,
4071.28, 4072.93, 4074.72, 4077.44, 4079.77, 4084.11, 4084.73, 4087.74, 4088.21, 4088.28,
4088.31, 4088.81, 4092.35, 4093.39, 4096.88, 4097.19, 4102.65, 4104.65, 4105.1, 4106,
4106.93, 4107.15, 4108.43, 4108.74, 4110.84, 4112.29, 4112.54, 4112.8, 4113.14, 4113.86,
4114.26, 4114.97, 4115.22, 4115.28, 4116.15, 4116.54, 4116.71, 4117.11, 4117.35, 4118.66,
4121.58, 4121.8, 4121.94, 4123.68, 4125.88, 4126.43, 4127.65, 4128.78, 4129.1, 4130.34,
4130.53, 4131.26, 4131.84, 4133.68, 4133.77, 4134.29, 4135.26, 4135.5, 4135.96, 4136.14,
4137.11, 4137.43, 4138.07, 4138.7, 4139.64, 4140.08, 4140.23, 4140.49, 4140.85, 4140.96,
4141.22, 4141.38, 4141.52, 4141.72, 4142.15, 4142.33, 4143.3, 4143.65, 4144.41, 4144.49,
4144.64, 4144.79, 4145.32, 4145.65, 4146.05, 4146.46, 4146.61, 4146.67, 4146.95, 4147.07,
4147.07, 4147.22, 4147.28, 4147.36, 4147.39, 4147.58, 4147.64, 4147.71, 4147.79, 4147.86,
4147.91, 4147.97, 4148.02, 4148.32, 4148.47, 4148.59, 4148.72, 4148.83, 4148.89, 4148.96,
4149.01, 4149.08, 4149.08, 4149.24, 4149.24, 4149.4, 4149.52, 4149.62, 4149.66, 4149.73,
4149.77, 4149.81, 4149.84, 4149.87, 4149.92, 4149.94, 4149.95, 4150.14, 4150.37, 4150.37,
4150.37, 4150.39, 4150.41, 4150.41, 4150.42, 4150.43, 4150.44, 4151.47, 4151.85, 4152.09,
4152.2, 4152.81, 4152.88, 4153.07, 4153.49, 4153.74, 4153.77, 4153.79, 4153.79, 4153.9,
4153.91, 4153.91, 4153.92, 4153.93, 4153.93, 4153.93, 4153.97, 4154.71, 4154.9, 4155.06,
4155.27, 4155.94, 4156.1, 4156.48, 4156.97, 4157.24, 4157.39, 4157.45, 4157.46, 4157.48,
4157.53, 4157.56, 4157.57, 4157.57, 4157.58, 4157.63, 4157.66, 4157.76, 4157.76, 4157.76,
4157.77, 4157.77, 4157.83, 4157.83, 4157.83, 4158.43, 4158.68, 4158.77, 4158.79, 4158.79,
4158.79, 4158.86, 4158.94, 4158.94, 4158.94, 4158.94, 4158.94, 4158.94, 4158.94, 4158.94,
4159.32, 4159.32, 4159.32, 4159.37, 4159.37, 4159.37, 4159.37, 4159.37, 4159.37, 4159.41]
upper bounds improvement: [3427.39, 3847.12, 4813.6, 4837.46, 5080.92, 3262.14, 3723.93, 3519, 4103.5, 4252.24,
3485.61, 5395.94, 4077.25, 3209.98, 3679.19, 3325.88, 4348.94, 5365.59, 3447.89, 3303.66,
3163.9, 4765.16, 4637.07, 4840.4, 3156.24, 3777.81, 3862.73, 3781.53, 5189.87, 3562.02,
4819.74, 3655.1, 3367.82, 4809.79, 5410.63, 3999.92, 3447.35, 3722.74, 3476.84, 4724.36,
4063.4, 4340.12, 3900.16, 3063.32, 3658.76, 4661.15, 3346.28, 3934.26, 5171.65, 3672.87,
3181.35, 3614, 3295.2, 4247.4, 5666.61, 4375.12, 4841.39, 3569.49, 3954.53, 3639.43,
4993.13, 5094.36, 3906.61, 3810.86, 4853.03, 4763.53, 3325.74, 4130.51, 3630.87, 4870.01,
5093.87, 3997.1, 4148.35, 3922.05, 4530.24, 5216.07, 3892.71, 4490.8, 3858.67, 5005.31,
3662.57, 3817.85, 5207.49, 5666.87, 4846.84, 4011.95, 4137.84, 4348.72, 5157.71, 4892.72,
4434.62, 3572.11, 3592.44, 3133.55, 4542.92, 3395.54, 3721.54, 4562.06, 4052.17, 5838.98,
3352.17, 5178.7, 5393.02, 5877.82, 4684.75, 3703.3, 4690.16, 4503.71, 4027.15, 4512.63,
5386.04, 4680.82, 5235.93, 3943.94, 3670.15, 4198.89, 3976.99, 5252.62, 3754.59, 3932.82,
4990.75, 4550.44, 4147.01, 4380.44, 3948.6, 3551.88, 4801.87, 4720.84, 4429.52, 4336.95,
4196.7, 3830.04, 3750.79, 4130.98, 4638.35, 3653.57, 3733.72, 4433.91, 3931.19, 3106.05,
5390.72, 3642.6, 4850.96, 6522.14, 4822.21, 5603.08, 3095.07, 4522.6, 4448.46, 3782.77,
3860.37, 4513.93, 3749.71, 3224.57, 4468.1, 4088.86, 5446.32, 3246.37, 4217.23, 3879.98,
5090.93, 4083.44, 3887.96, 3855.66, 4038.75, 3071.63, 3631.96, 4250.56, 3784.83, 3477.37,
5064.2, 3447.67, 4730.52, 3761.25, 3766.83, 4659.11, 4124.44, 3912.24, 3963.61, 3941.66,
3776.28, 4220.93, 3290.42, 4102.96, 5185.95, 3421.75, 4749.63, 4381.31, 5033.22, 4124.19,
3224.6, 3777.5, 4406.22, 4471.9, 3556.52, 4545.58, 3550.02, 4537.32, 4344.1, 4849.34,
4871.44, 5420.99, 4245.9, 3478.16, 3668.39, 3496.1, 5759.82, 3927.45, 5841.24, 4687.92,
3504.12, 4636.73, 4839.22, 4534.86, 5021.28, 4212.12, 3658.08, 4844.53, 3854.04, 3474.98,
4471.06, 4470.47, 3977.48, 4182.68, 3501.76, 4968.99, 4015.64, 4021.4, 3756.49, 4344.33,
3877.88, 3914.99, 4536.3, 3537.29, 4072.42, 3197.29, 3909.91, 4191.04, 4006.38, 5440.23,
4052.43, 4750.05, 4122.06, 4048.49, 4302.06, 3142.65, 3883.05, 3450.96, 4352.31, 3623.7,
3517.2, 4685.57, 3526.12, 3532.36, 3676.99, 4278.2, 3565.27, 3539.57, 3533.05, 4658.28,
5057.27, 3659.1, 4371.5, 3585.7, 4553.53, 3546.41, 3062.07, 4148.3, 3809.85, 4915.16,
5160.42, 5098.34, 3624.3, 4590.26, 4793.84, 3446.44, 3925.75, 4464.63, 3332.6, 4514.63,
3163.73, 3955.82, 5034.48, 3278.12, 3607.05, 4088.31, 3813.53, 4165.02, 4017.27, 5241.65,
4208.87, 4548.6, 3272.88, 4288.79, 3420, 5844.32, 3233.11, 3484.6, 3598.86, 3291.48,
4955.65, 4431.31, 3836.71, 3524.53, 4083.41, 4073.85, 3964.74, 5401.46, 4239.97, 4109.14,
5027.67, 3892.38, 3379.48, 4272.84, 3004.15, 4100.04, 4202.69, 3660.36, 3732.14, 4948.35,
4039.13, 4408.31, 4473.86, 5856.05, 4058.61, 3947.69, 3695.73, 3546.62, 3306.25, 4902.88,
4134.38, 5203.36, 4322.49, 3264.5, 3588.88, 3923.96, 5112.53, 3981.19, 4162.02, 4066.24,
4204.2]
left 95% CI for the upper bound: [2550.98, 3352.44, 4255.2, 3613.82, 4540.05, 2156.81, 3655.1, 3042.45, 2339.38, 4164.54,
2454.86, 4583.76, 3878.55, 2315.82, 3504.08, 2581.61, 4317.6, 3005.32, 2745.19, 3240.97,
1773.49, 3862.25, 2321.5, 1821, 3039.5, 3584.1, 2001.77, 2976.33, 2202.4, 2653.4,
3889.38, 3593.85, 3225.57, 4261.37, 3459.87, 3572.96, 3037.93, 3283.95, 3188.38, 4043.81,
3488.58, 4274.69, 3044.47, 2801.16, 3420.07, 1693.1, 2092.52, 3292.65, 5093.81, 3224.11,
3127.9, 2376.12, 1918.32, 3896.24, 4811.63, 2939.87, 4296.65, 3531.73, 3806.86, 3415.96,
4006.53, 2373.27, 2602.85, 3695.69, 4067.56, 2619.6, 2285.83, 3819.51, 2622.6, 4538.7,
3346.69, 3644.27, 3867.61, 3032.9, 3220.92, 5167.92, 3794.81, 3599.97, 2762.23, 3367.45,
2968.39, 2696.81, 2793.5, 4079.42, 4080.54, 3350.89, 3447.83, 2551.29, 2139.8, 4031.48,
3722.56, 2782.41, 3265.81, 2757.16, 4454.26, 3092.67, 3629, 3480.07, 3491.37, 4270.99,
3118.73, 2176.5, 3011.02, 4854.51, 2363.79, 2915.44, 3789.43, 4302.85, 2063.07, 4200.55,
3184.47, 1744.37, 2066.56, 3783.92, 3459.6, 3570.23, 3553.55, 5079.21, 3732.83, 3169.75,
2473.9, 3208.35, 2123.77, 3676.96, 2990.74, 2651.55, 3307.63, 3757.63, 4189.87, 2821.88,
2786.69, 3306.35, 3054.12, 4103.47, 1985.96, 2126.31, 2903.06, 3555.56, 3763.45, 2739.91,
3750.49, 3639.84, 2647.36, 5976.27, 1783.69, 3426.62, 2647.43, 3650.4, 2826.65, 2775.59,
3569.9, 769.465, 2976, 3018.9, 1096.78, 3321.28, 3367.89, 2571.23, 3491.17, 3650.49,
2535.58, 3623.67, 3472.38, 2593.25, 3448.58, 2470.1, 2734.84, 2510.13, 2807.04, 2949.14,
2236.55, 3122.22, 4005.73, 3235.25, 2634.43, 3943.04, 2082.15, 3411.13, 3405.26, 3446.58,
3359.32, 2268.96, 2639.05, 3792.29, 4302.23, 2542.65, 3835.18, 4312, 2048.45, 3618.33,
2824.9, 3725.62, 1640.74, 3694.92, 3008.47, 3142.28, 2022.11, 1895.64, 3157.78, 4078.89,
2767.51, 3403.19, 3972.44, 3007, 3470.32, 3003.44, 3881.84, 3525.32, 4269.6, 3740.83,
3287.51, 3926.65, 2200.15, 3205.45, 4677.25, 3556.14, 3603.96, 3046.67, 3820.73, 2835.19,
3553.94, 4251.72, 3822.88, 3588.91, 2563.15, 4649.07, 3335.29, 3661.11, 3636.87, 2894.21,
3463.68, 3166.95, 4007.5, 3164.15, 2310.89, 2408.07, 3052.3, 3863.13, 3197.34, 3435.36,
3399.39, 4013.84, 3154.51, 2318.1, 2624.82, 3085.38, 3313.97, 2103.04, 3137.21, 3503.01,
2163.06, 4015.5, 2493.5, 1998.68, 2553.67, 2957.89, 2715.41, 3400.42, 2724.85, 435.854,
2339.45, 1283.08, 3395.67, 3208.44, 1114.37, 2895.92, 2421.87, 4036.2, 2519.58, 4661.55,
2421.8, 2295.3, 3608.82, 3594.33, 4078.19, 3250.44, 3036.65, 3539.23, 3201.47, 3657.21,
3077.11, 3885.32, 4916.79, 2879.19, 2703.04, 3649.65, 3812.83, 4055.29, 3227.47, 2050.15,
2595.43, 3442.51, 1731.2, 3196.13, 3001.73, 4380.95, 2098.37, 2025.11, 1791.17, 2656.39,
1993.24, 3736.92, 1538.68, 2916.84, 3288.89, 3067.01, 3285.75, 3326.68, 3842.29, 3673.01,
4728.14, 2647.92, 3358.41, 4082.81, 2613.36, 3996.58, 3607.85, 3171.09, 3547.54, 4594.84,
3399.24, 4386.8, 2869.66, 5315.45, 3553.55, 3399.14, 3566.26, 2905.7, 2666.83, 2654.59,
4026.93, 2364.21, 2707.5, 2110.88, 3346.79, 3604.97, 3459.29, 3355.33, 3851.51, 3960.28,
4154.24]
right 95% CI for the upper bound: [4303.81, 4341.81, 5371.99, 6061.1, 5621.79, 4367.46, 3792.77, 3995.55, 5867.63, 4339.95,
4516.36, 6208.12, 4275.96, 4104.14, 3854.3, 4070.14, 4380.29, 7725.86, 4150.59, 3366.34,
4554.31, 5668.07, 6952.64, 7859.8, 3272.98, 3971.52, 5723.68, 4586.74, 8177.34, 4470.65,
5750.1, 3716.35, 3510.07, 5358.21, 7361.38, 4426.87, 3856.78, 4161.52, 3765.29, 5404.9,
4638.21, 4405.54, 4755.84, 3325.49, 3897.45, 7629.21, 4600.04, 4575.87, 5249.5, 4121.64,
3234.8, 4851.87, 4672.08, 4598.56, 6521.58, 5810.36, 5386.13, 3607.25, 4102.21, 3862.9,
5979.72, 7815.45, 5210.37, 3926.02, 5638.51, 6907.45, 4365.64, 4441.5, 4639.15, 5201.32,
6841.04, 4349.93, 4429.09, 4811.2, 5839.55, 5264.21, 3990.61, 5381.62, 4955.11, 6643.18,
4356.74, 4938.89, 7621.48, 7254.31, 5613.15, 4673.02, 4827.85, 6146.16, 8175.63, 5753.97,
5146.68, 4361.82, 3919.07, 3509.95, 4631.58, 3698.4, 3814.08, 5644.05, 4612.98, 7406.96,
3585.62, 8180.9, 7775.02, 6901.13, 7005.71, 4491.16, 5590.89, 4704.58, 5991.22, 4824.7,
7587.62, 7617.27, 8405.3, 4103.97, 3880.7, 4827.55, 4400.43, 5426.02, 3776.36, 4695.89,
7507.61, 5892.53, 6170.25, 5083.93, 4906.45, 4452.22, 6296.1, 5684.05, 4669.17, 5852.02,
5606.72, 4353.73, 4447.46, 4158.49, 7290.74, 5180.82, 4564.37, 5312.25, 4098.93, 3472.19,
7030.94, 3645.36, 7054.56, 7068.02, 7860.74, 7779.55, 3542.72, 5394.79, 6070.27, 4789.94,
4150.85, 8258.39, 4523.42, 3430.23, 7839.43, 4856.45, 7524.74, 3921.51, 4943.29, 4109.48,
7646.28, 4543.2, 4303.55, 5118.07, 4628.92, 3673.16, 4529.08, 5990.99, 4762.62, 4005.59,
7891.85, 3773.11, 5455.31, 4287.26, 4899.22, 5375.18, 6166.72, 4413.35, 4521.95, 4436.74,
4193.25, 6172.9, 3941.79, 4413.64, 6069.68, 4300.85, 5664.09, 4450.62, 8017.98, 4630.05,
3624.29, 3829.38, 7171.69, 5248.87, 4104.57, 5948.88, 5077.93, 7179, 5530.42, 5619.79,
6975.38, 7438.79, 4519.37, 3949.33, 3866.45, 3988.77, 7637.79, 4329.58, 7412.88, 5635,
3720.73, 5346.82, 7478.29, 5864.28, 5365.32, 4868.1, 3712.2, 6642.38, 3887.36, 4114.78,
5388.17, 4689.22, 4132.08, 4776.45, 4440.37, 5288.9, 4695.99, 4381.69, 3876.12, 5794.45,
4292.08, 4663.02, 5065.11, 3910.42, 5833.94, 3986.51, 4767.52, 4518.95, 4815.43, 7445.1,
4705.48, 5486.26, 5089.62, 5778.89, 5979.29, 3199.93, 4452.14, 4798.88, 5567.41, 3744.38,
4871.33, 5355.64, 4558.74, 5066.03, 4800.31, 5598.52, 4415.13, 3678.72, 4341.25, 8880.72,
7775.09, 6035.12, 5347.33, 3962.95, 7992.7, 4196.9, 3702.27, 4260.41, 5100.11, 5168.78,
7899.04, 7901.38, 3639.78, 5586.19, 5509.49, 3642.44, 4814.85, 5390.03, 3463.73, 5372.05,
3250.34, 4026.32, 5152.18, 3677.06, 4511.06, 4526.98, 3814.23, 4274.74, 4807.07, 8433.15,
5822.31, 5654.68, 4814.56, 5381.44, 3838.28, 7307.69, 4367.84, 4944.09, 5406.56, 3926.58,
7918.07, 5125.7, 6134.74, 4132.23, 4877.93, 5080.68, 4643.73, 7476.24, 4637.66, 4545.28,
5327.2, 5136.83, 3400.54, 4462.87, 3394.95, 4203.49, 4797.52, 4149.64, 3916.74, 5301.87,
4679.02, 4429.81, 6078.06, 6396.65, 4563.67, 4496.25, 3825.21, 4187.55, 3945.67, 7151.17,
4241.83, 8042.51, 5937.47, 4418.13, 3830.97, 4242.95, 6765.77, 4607.05, 4472.52, 4172.2,
4254.17]
==================================================
==================================================
time horizon: 9
Benders cut: 1
Improved Benders cut: 0
FW sample paths: 2
total iterations: 520
total time elapsed: 71778.5 seconds.
lower bounds improvement: [1905.45, 3745.7, 4182.79, 4420.37, 4580.7, 4644.57, 4657.85, 4693.52, 4694, 4704.15,
4709.32, 4709.68, 4713.97, 4715.83, 4715.89, 4715.89, 4725.75, 4729.4, 4731.92, 4733.94,
4735.07, 4736.13, 4736.2, 4736.34, 4737.41, 4737.74, 4738.67, 4742.14, 4742.73, 4743.06,
4744.67, 4745.21, 4746.42, 4749.66, 4749.74, 4749.76, 4750.27, 4750.65, 4750.81, 4752.09,
4753.55, 4753.91, 4754.55, 4755.98, 4757.05, 4757.31, 4757.68, 4757.89, 4759.25, 4759.34,
4761.62, 4762.43, 4763.76, 4763.87, 4764.07, 4764.75, 4765.57, 4766.9, 4767.01, 4767.72,
4768.22, 4770.58, 4771.42, 4771.46, 4771.88, 4772.08, 4773.06, 4773.23, 4774.37, 4775.94,
4776.25, 4778.61, 4779.94, 4781.62, 4781.98, 4782.99, 4783.21, 4783.24, 4784.49, 4785.66,
4786.01, 4787.41, 4787.94, 4788.62, 4788.81, 4789.81, 4790.5, 4791.13, 4791.62, 4792.53,
4796.56, 4796.76, 4798.32, 4798.34, 4798.95, 4799.18, 4800.84, 4803.65, 4804.08, 4805.34,
4805.49, 4806.39, 4806.41, 4806.71, 4807.37, 4807.88, 4808.48, 4810.86, 4811.61, 4811.62,
4811.96, 4812.34, 4815.64, 4817, 4817.04, 4817.22, 4817.25, 4817.49, 4818.86, 4821.17,
4822.19, 4824.59, 4824.9, 4825.87, 4826.85, 4827.09, 4829.04, 4829.42, 4829.59, 4834.66,
4836.45, 4836.87, 4837.01, 4837.45, 4838.43, 4839.87, 4840.1, 4843.27, 4843.35, 4844.07,
4845.11, 4848.95, 4849.68, 4852.94, 4853.17, 4856.97, 4857.38, 4858, 4859.65, 4859.75,
4860.36, 4861, 4863.83, 4864.73, 4865.22, 4866.52, 4867.87, 4869.49, 4871.87, 4872.11,
4872.31, 4872.74, 4873.77, 4873.97, 4879.58, 4880.5, 4881.34, 4882.51, 4882.92, 4883.59,
4884.02, 4887.59, 4887.82, 4887.99, 4892.25, 4892.84, 4894.6, 4895.17, 4895.61, 4896.76,
4899.98, 4903.14, 4905.4, 4906.32, 4906.93, 4912.69, 4914.88, 4915.24, 4915.51, 4915.81,
4915.94, 4916.1, 4917.39, 4917.57, 4922.44, 4923.14, 4928.39, 4930.37, 4931.33, 4933.81,
4933.92, 4934.61, 4936.72, 4937.16, 4938.51, 4939.36, 4940.12, 4940.31, 4940.9, 4942.26,
4943.62, 4948.44, 4949.98, 4953.47, 4954.13, 4954.8, 4961.26, 4963.38, 4963.74, 4965.32,
4966.75, 4967.75, 4969.07, 4970.25, 4970.93, 4973.75, 4975.11, 4976.34, 4977.33, 4978.37,
4980.92, 4981.47, 4986.77, 4987.55, 4989.92, 4990.08, 4990.34, 4990.59, 4991.81, 4991.81,
4993.13, 4994.33, 4994.55, 4999.13, 4999.16, 5001.26, 5001.51, 5004, 5004.47, 5005.68,
5006.09, 5007.2, 5007.4, 5010.32, 5010.38, 5011.29, 5011.38, 5012.11, 5012.45, 5013.17,
5015.27, 5015.47, 5015.95, 5016.62, 5016.7, 5018.12, 5018.53, 5019.35, 5019.84, 5020.07,
5020.76, 5020.97, 5021.85, 5021.88, 5022.68, 5023.02, 5023.59, 5025.09, 5025.6, 5025.66,
5026.69, 5027.5, 5027.6, 5027.95, 5027.95, 5028.17, 5028.31, 5028.83, 5028.94, 5029.03,
5029.29, 5029.33, 5029.48, 5030.37, 5030.75, 5031.28, 5033.11, 5033.36, 5033.61, 5033.98,
5034.13, 5034.18, 5034.44, 5034.57, 5034.92, 5035.06, 5035.59, 5035.67, 5035.7, 5036.07,
5036.38, 5036.63, 5036.81, 5036.83, 5037.15, 5037.24, 5037.5, 5037.61, 5037.8, 5038.29,
5038.38, 5038.56, 5038.63, 5038.74, 5038.8, 5039.01, 5039.38, 5039.79, 5040.22, 5040.25,
5040.36, 5040.77, 5040.9, 5040.97, 5041.46, 5041.6, 5041.65, 5041.73, 5041.75, 5042.12,
5042.13, 5042.38, 5042.39, 5042.44, 5042.64, 5042.84, 5042.84, 5042.88, 5042.91, 5042.92,
5043.11, 5043.2, 5043.22, 5043.49, 5043.57, 5043.64, 5043.65, 5043.72, 5043.74, 5043.79,
5043.84, 5044.12, 5044.48, 5044.54, 5044.63, 5045.02, 5045.31, 5045.68, 5045.85, 5045.94,
5046.39, 5046.54, 5046.85, 5047.02, 5047.29, 5047.5, 5047.71, 5047.91, 5048, 5048.09,
5048.19, 5048.34, 5048.36, 5048.44, 5048.46, 5048.66, 5048.73, 5048.74, 5048.87, 5048.89,
5048.98, 5049.04, 5049.09, 5049.09, 5049.11, 5049.16, 5049.17, 5049.29, 5049.47, 5049.48,
5049.75, 5049.76, 5049.77, 5049.77, 5049.77, 5049.83, 5049.97, 5050.28, 5050.28, 5050.32,
5050.35, 5050.36, 5050.37, 5050.44, 5050.62, 5050.65, 5050.68, 5050.69, 5050.7, 5050.72,
5050.74, 5050.95, 5050.95, 5051.06, 5051.2, 5051.24, 5051.25, 5051.27, 5051.28, 5051.3,
5051.3, 5051.3, 5051.31, 5052.24, 5052.76, 5052.89, 5053.17, 5053.32, 5053.35, 5053.67,
5054.17, 5054.23, 5054.29, 5054.33, 5054.5, 5054.53, 5054.65, 5054.69, 5054.82, 5054.9,
5054.92, 5054.93, 5054.93, 5055.02, 5055.04, 5055.05, 5055.05, 5055.05, 5055.12, 5055.34,
5055.37, 5055.38, 5055.38, 5055.38, 5055.39, 5055.39, 5055.4, 5055.41, 5055.65, 5055.75,
5055.76, 5055.86, 5055.86, 5055.88, 5055.97, 5055.97, 5055.97, 5055.97, 5055.99, 5056,
5056.02, 5056.02, 5057.03, 5057.03, 5057.04, 5057.06, 5057.07, 5057.11, 5057.19, 5057.25,
5057.28, 5057.31, 5057.31, 5057.34, 5057.41, 5057.41, 5057.42, 5057.43, 5057.44, 5057.44,
5057.44, 5058, 5058, 5058, 5058, 5058.02, 5058.02, 5058.04, 5058.04, 5058.04,
5058.34, 5058.34, 5058.34, 5058.34, 5058.34, 5058.34, 5058.34, 5058.35, 5058.35, 5058.49]
upper bounds improvement: [5035.69, 5326.38, 6261.72, 4971.44, 4768.71, 4714.53, 5990.49, 4697.5, 5190.45, 6237.39,
3960.79, 4374.73, 5171.97, 6252.79, 4181.56, 3668.59, 5023.53, 3640.84, 5541.58, 5306.61,
4311.35, 4725.89, 4177.62, 4992.16, 6135.7, 4969.18, 3670.79, 5977.15, 4934.14, 4928.65,
4707.86, 5897.71, 4826.92, 4136.53, 5952.31, 4045.09, 6059.68, 5931.02, 4412.22, 6033.9,
4684.56, 5546.21, 4994.91, 4635.88, 4175.77, 4907.47, 4927.72, 5153.11, 4859.35, 6750.38,
6068.3, 4035.09, 6084.81, 5385.19, 4855.7, 4765.54, 5820.8, 4956.8, 4507.85, 4713.46,
4288.85, 4871.28, 4711.23, 4364.31, 5448.23, 6006.62, 4693.24, 4440.95, 4561.08, 4194.37,
4865.49, 4256.65, 5380.05, 5710.53, 5156.07, 3672.9, 5815.88, 5617.42, 4718.47, 5342.12,
3885.21, 5098.83, 4458.76, 5962.52, 4133.51, 5364.42, 5885.81, 4167.43, 4173.71, 4445.22,
5302.19, 5676.18, 5103.58, 6353.9, 4826.11, 3613.23, 4130.27, 5299.54, 5623.63, 3631.98,
3899.05, 5595.98, 5473.54, 6022.85, 5453.48, 6129.04, 5125.51, 4938.11, 5741.1, 4480.61,
5596.37, 4071.68, 5715.3, 5039.82, 5640.97, 4019.4, 5355.16, 6690.35, 5410.5, 6993,
5374.01, 5190.03, 5498.87, 6152.98, 6528.61, 4932.27, 5176.24, 6569.9, 5719.28, 4775.67,
6161.24, 4613.45, 6254.84, 5227.29, 4111.26, 3947.81, 4398.75, 6484.58, 5491.5, 4927.7,
6441.02, 7204.67, 5570.87, 4788.4, 6033.16, 6031.02, 5091.42, 6450.68, 5049.6, 4920.41,
5920.63, 4883.72, 5486.7, 3592.22, 6532.79, 5121.08, 4863.17, 5464.95, 4090.49, 6239.17,
4560.83, 5578.82, 6244.34, 5125.81, 5023.41, 6552.09, 5222.42, 5977.89, 4968.58, 5171.93,
6365.05, 5579.61, 5700.8, 4946.53, 5787.2, 5285.72, 3605.46, 5823.28, 4293.24, 5522.4,
5179.59, 6009.34, 5315.34, 6039.46, 5490.71, 5115.15, 4825.07, 5346.04, 4616.79, 5112.97,
4945.78, 5254.06, 5155.37, 4892.91, 6558.99, 5073, 6053.99, 5866.66, 5593.07, 5762.91,
4938.31, 6495.18, 4677.77, 4869.69, 3947.36, 4924.18, 7058.35, 5561.92, 5364.68, 4940.37,
4954.98, 4913.92, 4278.06, 5010.61, 5110.23, 4474.31, 6144.37, 4226.07, 5973.11, 5202.3,
5208.39, 6037.85, 5243.05, 4841.41, 6423.37, 5822.22, 5188.98, 5010.97, 4196.3, 5460.14,
4785.43, 3977.78, 4541.75, 5165.75, 6027.31, 5908.22, 4731.23, 5493.1, 5862.56, 5652.37,
6103.56, 5907.2, 6429.57, 5462.62, 6160.88, 4703.77, 5265.63, 6168.27, 4813.01, 6255.5,
5091.14, 6247.9, 4567.18, 4380.07, 4833.18, 5308.46, 5716.71, 4321.78, 5499.08, 4514.93,
6202.72, 4793.88, 5708.27, 4854.14, 5396.56, 4382.68, 4980.84, 5690.34, 5944.99, 5409.39,
4461.79, 6845.89, 5046.9, 3925.01, 4864.73, 3679.82, 5745.27, 6436.56, 4663.87, 4901.84,
5328.48, 4230.95, 6014.71, 3772.17, 5299.12, 5444.69, 4789.47, 4931.55, 5357.82, 4329.05,
5714.81, 5069.16, 4559.77, 6126.52, 4864.43, 3817.04, 5001.95, 5635.24, 5177.66, 5234.4,
5347.95, 5728.13, 6051.97, 5913.16, 4552.28, 6515.5, 4017.36, 5588.03, 6063.83, 4696.8,
4680.39, 4780.88, 4762.73, 5268.07, 5755.7, 4602.07, 5362.9, 6056.79, 5335.44, 5081.95,
5781.75, 5297.62, 3932.01, 4490.59, 5800.75, 5041.08, 4618.67, 6011.58, 3948.34, 3872.58,
3870.04, 5667.89, 5520.67, 3802.98, 5336.03, 3173.19, 6082.19, 6251.86, 4568.95, 6193.4,
3926.71, 6400.03, 5869.25, 4478.39, 3548.77, 4569.93, 6130.09, 6501.16, 4475.77, 5474.15,
5208.33, 5093.73, 5528.06, 5104.34, 4092.55, 4953.99, 4013.35, 4610.87, 5169.14, 3882.49,
4772.03, 6005.57, 4064.84, 4836.94, 5798.15, 4433.18, 4613.17, 5681.45, 5148.31, 5591.95,
6452.69, 6261.27, 5256.16, 4252.94, 3772.23, 5440.74, 6397.94, 4864.71, 5007.64, 4957.26,
5172.2, 6136.91, 3971.75, 5585.45, 5739.46, 4600.9, 4030.88, 4909.43, 4870.9, 5034.78,
3982.18, 5344.17, 4446.78, 4399.25, 6212.05, 5615.62, 4183.27, 5121.04, 4552.25, 5057.69,
5564.7, 4136.55, 4964.07, 5012.84, 6554.15, 4542.78, 3305.9, 4660.9, 4522.39, 4676.14,
4521.99, 5165.37, 4800.5, 4984.61, 5827.28, 5139.25, 3974.49, 4942.66, 4236.83, 4575.61,
6043.59, 4546.53, 5784.75, 5109.03, 5663.16, 5201.47, 4146.9, 5812.9, 5416, 3822.72,
4949.91, 4691.89, 6131.83, 5044.31, 4691.46, 4899.44, 4143.5, 5212.54, 4982.35, 5153.46,
6186.17, 5308.02, 5515.22, 7408.16, 5824.75, 4986.81, 6125.8, 4540.33, 5131.83, 6088.52,
4543.77, 5946.21, 4433.12, 5387.06, 7074.23, 6377.76, 4045.05, 5750.47, 5626.03, 4119.87,
4286.93, 5544.72, 6260.4, 5426.41, 5418.45, 5952.53, 5125.21, 5300.11, 5053.79, 4927.41,
6270.87, 3904.78, 4286.82, 4829.1, 4714.36, 6385.94, 4640.48, 3922.29, 4028.98, 5404.36,
4578.79, 5380.02, 5067.42, 5916.92, 6009.38, 4745.5, 4190.96, 5236.03, 6535.57, 4103.84,
3973.32, 4762.58, 4807.07, 4899.44, 4104.64, 4710.23, 4702.25, 4024.79, 4947.12, 5280.15,
4380.03, 5027.2, 6280.11, 5231.41, 3594.61, 4572.17, 5640.65, 5371.1, 7557.66, 4682.57,
4940.75, 4796.79, 4980.48, 5220.96, 4601.54, 5281.16, 4095.99, 5460.48, 5351.75, 5096.25,
5028.57]
left 95% CI for the upper bound: [3411.13, 5081.03, 6105.11, 4044.48, 3993.62, 3054.62, 5988.59, 2807.1, 4781.04, 6063.34,
3222.5, 2276.83, 3561.36, 4559.55, 3396.37, 3277, 3503.07, 2839.91, 930.421, 3472.56,
3381.6, 2486.58, 3946.54, 4374.42, 6044.49, 3822.64, 2717.12, 5739.75, 3681.47, 2918.54,
3416.06, 5897, 4513.18, 4066.15, 4682.11, 3857.84, 5191.52, 5305.56, 2928.25, 5388.6,
1856.14, 5068.4, 3850.94, 4020.07, 3918.54, 3623.82, 4282.94, 3688.29, 3113.29, 5642.79,
6029.71, 3275.22, 5929.49, 3483.76, 2287.94, 1711.58, 4468.28, 3939.29, 3146.85, 2926.37,
4107.94, 3706.05, 3929.8, 4344.76, 5420.01, 5404.76, 4321.75, 3161.62, 2672.8, 4123.86,
3675.69, 2136.59, 2525.02, 5010.96, 3396.2, 2895.64, 4401.06, 4509.67, 3604.52, 3676.33,
3220.64, 2871.86, 2357.32, 4304.3, 3834.36, 4730.83, 5683.29, 3728.95, 3826.23, 3827.3,
3519.12, 4803.85, 2711.9, 5960.08, 3350.33, 2022.01, 2929.25, 5090.49, 4217.59, 3166.61,
2848.43, 2423.26, 5046.38, 2746.56, 4976.88, 5546.82, 3363.29, 2683.29, 5178.18, 3423.04,
5103.05, 3722.67, 2370.05, 3431.34, 3520.62, 3825.46, 4337.99, 4966.78, 4361.57, 5732.46,
4499.52, 5146.94, 5079.33, 5535.7, 5811.46, 2887.13, 4319.73, 6224.12, 4875.56, 3622.62,
5168.05, 3218.23, 5950.33, 2999.42, 3696.96, 3801.58, 3880.23, 6150.53, 3284.05, 3317.93,
6341.94, 5561.33, 3156.4, 4195.89, 4988.57, 3048.88, 3008.03, 6058.4, 4219.39, 3058.73,
2632.78, 3941.72, 4942.45, 3590.6, 6342.11, 4210.85, 2350.24, 5458.14, 3764.04, 5454.42,
2731.25, 4807.76, 3876.56, 3315.8, 4152.67, 4019.39, 4924.86, 5452.1, 3740.96, 2883.67,
5944.67, 4885.74, 4474.72, 1200.78, 5416.42, 2728.08, 2348.76, 4243.08, 3652.76, 3232.38,
3096.21, 4168.68, 2856.24, 4916.09, 5131.82, 2809.58, 3562.02, 2982.48, 3431.11, 2423.81,
3992.98, 4595.79, 4729.76, 2422.65, 5766.82, 4297.38, 5446.81, 5157.02, 2681.43, 5741.85,
3498.42, 4359.36, 3264.74, 4645.33, 3701.33, 4222.76, 4699.6, 5091.73, 4783.12, 3725.92,
2901.53, 3569.03, 3944.86, 3587.04, 5079.3, 3856.48, 5898.98, 3980.56, 5868.74, 4003.32,
3585.91, 5520.43, 4936.78, 2440.64, 6073.83, 5610.8, 3991.83, 3371.44, 2703.86, 5423.1,
3813.44, 3256.01, 3367.19, 2405.02, 5363.99, 3325.26, 2712.53, 4708.73, 5098.85, 4510.83,
5158.48, 4855.14, 5051.03, 4761.54, 6112.28, 3499.26, 3757.96, 5657.75, 3725.78, 5845.49,
4985.15, 5797.89, 3866.87, 4242.21, 3738.66, 4924.21, 3983.36, 3101.47, 4402.8, 3815.31,
5936.39, 3085.95, 4537.86, 3788.02, 4822.02, 4313, 2280.57, 5229.06, 5906.4, 5089.46,
2405.83, 5723.07, 4264.99, 3061.18, 3878.52, 2747.25, 2428.36, 6147.32, 3688.26, 3633.97,
4110.17, 3909.87, 5463.54, 3336.51, 4905.91, 4196.67, 3203.54, 3912.83, 3067.37, 4243.5,
4891.76, 3965.96, 3311.59, 5009.86, 2809.94, 3138.65, 3689.77, 4446.96, 3237.52, 4440.79,
3879.19, 4656.84, 5370.81, 4872.13, 3367.86, 4300.8, 3239.77, 5520.06, 5607.59, 3481.29,
3427.44, 3952.44, 3100.32, 3046.61, 5716.36, 2464.66, 4908.1, 4445.02, 4910.91, 4044.4,
4319.01, 4973.9, 3304.22, 3057.98, 4270.65, 3502.95, 3478.49, 5835.21, 3727.65, 3540.28,
3618.25, 4548.14, 4147.24, 3504.96, 5310.34, 3085.49, 5019.34, 3877.27, 1592.64, 3892.84,
3866.46, 3300.08, 4923.33, 2816.39, 2366.02, 3981.22, 5632.46, 4916.27, 3345.35, 5313.83,
3755.15, 5081.52, 3916.71, 5047.84, 3539.62, 3744.57, 3848.38, 3249.01, 3494.84, 2957.84,
3031.87, 5580.19, 3392.22, 3487.55, 5135.16, 3293.61, 2847.68, 4649.2, 3663.11, 5403.46,
4278.68, 4024.86, 3258.52, 4102.98, 2896.93, 5433.11, 6053.45, 3691.84, 4689.61, 2843.08,
3708.17, 5704.31, 2939.75, 5479.75, 2672.24, 2719.91, 3490.42, 3150.53, 3536.31, 3004.92,
3946.57, 5331.12, 4257.34, 4122.55, 6157.27, 3876.61, 4182.29, 4963.26, 2821.9, 3224.07,
5443.64, 4021.91, 2532.3, 3989.88, 6483.25, 4227.91, 2728.44, 3387.77, 3280.07, 2123.05,
3280.86, 3288.54, 3470.98, 3115.03, 4422.15, 3424.56, 3208.56, 2332.68, 3952.78, 3246.71,
5597.64, 3294.46, 4376.06, 2939.64, 2189.74, 3589.07, 3535.59, 5115.1, 3543.66, 3013.92,
3872.5, 4145.81, 6048.39, 4921.64, 3565, 4046, 4079.88, 3074.49, 2217.98, 3470.32,
5951.79, 4999.01, 2910.43, 7176.36, 4520.96, 3234.67, 3784.37, 3661.61, 3556.21, 5426.93,
3792.11, 5443.1, 2583.49, 3356.11, 5416.72, 6239.69, 2965.12, 4976.37, 5105.01, 3923.97,
3478.08, 4992.44, 3992.23, 1580.76, 5405.86, 4386.93, 3068.64, 4837.62, 4935.74, 2939.08,
6125.53, 3720.56, 4007.51, 3994.92, 3324.29, 4523.93, 3608.6, 3257.98, 4008.86, 5202.2,
4023.42, 5360.75, 4951.26, 4973.68, 5057.82, 3804.38, 2138.9, 3006.49, 4360.8, 3428.96,
3355.69, 3969.22, 3111.5, 3946.07, 3764.99, 2846.46, 2965.33, 2742.05, 2082.77, 3117.2,
4066.92, 4909.5, 5823.96, 2978.43, 2704.7, 2061.2, 3694.27, 4257.37, 7549.78, 2103.97,
4826.75, 3559.94, 3457.45, 3321.02, 2722.55, 5112.5, 1819.89, 5176.96, 3773.17, 4973.26,
4975.6]
right 95% CI for the upper bound: [6660.24, 5571.74, 6418.33, 5898.41, 5543.79, 6374.44, 5992.39, 6587.91, 5599.85, 6411.45,
4699.09, 6472.64, 6782.58, 7946.04, 4966.75, 4060.19, 6543.99, 4441.78, 10152.7, 7140.65,
5241.09, 6965.2, 4408.7, 5609.9, 6226.91, 6115.72, 4624.46, 6214.55, 6186.81, 6938.75,
5999.67, 5898.43, 5140.67, 4206.91, 7222.51, 4232.35, 6927.83, 6556.48, 5896.19, 6679.2,
7512.98, 6024.01, 6138.88, 5251.68, 4433.01, 6191.12, 5572.49, 6617.92, 6605.41, 7857.97,
6106.88, 4794.97, 6240.13, 7286.62, 7423.46, 7819.5, 7173.31, 5974.31, 5868.86, 6500.54,
4469.75, 6036.5, 5492.67, 4383.87, 5476.45, 6608.47, 5064.73, 5720.28, 6449.36, 4264.88,
6055.28, 6376.71, 8235.09, 6410.09, 6915.94, 4450.15, 7230.69, 6725.16, 5832.43, 7007.92,
4549.78, 7325.81, 6560.2, 7620.74, 4432.65, 5998, 6088.33, 4605.9, 4521.19, 5063.14,
7085.26, 6548.5, 7495.26, 6747.73, 6301.89, 5204.44, 5331.29, 5508.59, 7029.67, 4097.35,
4949.67, 8768.7, 5900.7, 9299.13, 5930.08, 6711.26, 6887.74, 7192.93, 6304.03, 5538.19,
6089.7, 4420.7, 9060.56, 6648.3, 7761.33, 4213.34, 6372.33, 8413.92, 6459.44, 8253.54,
6248.5, 5233.12, 5918.41, 6770.26, 7245.77, 6977.4, 6032.75, 6915.68, 6563.01, 5928.72,
7154.43, 6008.67, 6559.35, 7455.16, 4525.56, 4094.03, 4917.27, 6818.63, 7698.94, 6537.47,
6540.11, 8848.01, 7985.33, 5380.9, 7077.76, 9013.16, 7174.81, 6842.96, 5879.81, 6782.08,
9208.48, 5825.72, 6030.95, 3593.84, 6723.47, 6031.31, 7376.1, 5471.76, 4416.94, 7023.93,
6390.42, 6349.87, 8612.13, 6935.82, 5894.16, 9084.78, 5519.97, 6503.68, 6196.21, 7460.18,
6785.43, 6273.48, 6926.88, 8692.29, 6157.97, 7843.36, 4862.16, 7403.47, 4933.72, 7812.42,
7262.97, 7850, 7774.43, 7162.82, 5849.61, 7420.72, 6088.11, 7709.6, 5802.47, 7802.13,
5898.58, 5912.34, 5580.98, 7363.18, 7351.15, 5848.63, 6661.17, 6576.31, 8504.71, 5783.97,
6378.2, 8631, 6090.81, 5094.04, 4193.38, 5625.6, 9417.1, 6032.11, 5946.25, 6154.81,
7008.43, 6258.82, 4611.26, 6434.17, 5141.17, 5092.14, 6389.76, 4471.58, 6077.47, 6401.29,
6830.87, 6555.26, 5549.31, 7242.18, 6772.91, 6033.64, 6386.13, 6650.5, 5688.75, 5497.18,
5757.42, 4699.54, 5716.31, 7926.49, 6690.63, 8491.19, 6749.94, 6277.46, 6626.27, 6793.9,
7048.64, 6959.27, 7808.1, 6163.71, 6209.48, 5908.28, 6773.3, 6678.8, 5900.24, 6665.5,
5197.12, 6697.91, 5267.48, 4517.93, 5927.71, 5692.7, 7450.05, 5542.08, 6595.37, 5214.55,
6469.06, 6501.8, 6878.69, 5920.26, 5971.1, 4452.37, 7681.11, 6151.61, 5983.58, 5729.33,
6517.75, 7968.71, 5828.81, 4788.84, 5850.94, 4612.39, 9062.17, 6725.8, 5639.47, 6169.72,
6546.8, 4552.04, 6565.87, 4207.84, 5692.33, 6692.7, 6375.4, 5950.27, 7648.28, 4414.6,
6537.85, 6172.35, 5807.96, 7243.18, 6918.92, 4495.42, 6314.13, 6823.51, 7117.8, 6028.01,
6816.7, 6799.42, 6733.13, 6954.19, 5736.7, 8730.2, 4794.95, 5656.01, 6520.06, 5912.31,
5933.34, 5609.31, 6425.15, 7489.52, 5795.04, 6739.48, 5817.7, 7668.56, 5759.96, 6119.49,
7244.49, 5621.33, 4559.8, 5923.2, 7330.86, 6579.22, 5758.86, 6187.94, 4169.03, 4204.88,
4121.84, 6787.63, 6894.11, 4101, 5361.72, 3260.9, 7145.05, 8626.45, 7545.27, 8493.96,
3986.95, 9499.97, 6815.17, 6140.38, 4731.51, 5158.63, 6627.73, 8086.06, 5606.19, 5634.46,
6661.51, 5105.94, 7139.41, 5160.84, 4645.48, 6163.4, 4178.31, 5972.73, 6843.43, 4807.14,
6512.18, 6430.96, 4737.46, 6186.33, 6461.14, 5572.75, 6378.66, 6713.7, 6633.5, 5780.44,
8626.7, 8497.68, 7253.8, 4402.89, 4647.52, 5448.37, 6742.42, 6037.58, 5325.68, 7071.44,
6636.24, 6569.52, 5003.74, 5691.15, 8806.67, 6481.89, 4571.34, 6668.33, 6205.49, 7064.64,
4017.78, 5357.22, 4636.21, 4675.94, 6266.83, 7354.62, 4184.25, 5278.83, 6282.59, 6891.31,
5685.76, 4251.18, 7395.84, 6035.81, 6625.05, 4857.65, 3883.35, 5934.03, 5764.72, 7229.23,
5763.11, 7042.2, 6130.01, 6854.19, 7232.4, 6853.94, 4740.43, 7552.65, 4520.88, 5904.52,
6489.54, 5798.6, 7193.44, 7278.41, 9136.58, 6813.86, 4758.22, 6510.69, 7288.33, 4631.52,
6027.31, 5237.98, 6215.26, 5166.98, 5817.92, 5752.89, 4207.11, 7350.6, 7746.72, 6836.6,
6420.56, 5617.04, 8120.01, 7639.96, 7128.53, 6738.94, 8467.24, 5419.06, 6707.45, 6750.12,
5295.43, 6449.31, 6282.74, 7418.01, 8731.75, 6515.82, 5124.99, 6524.57, 6147.05, 4315.76,
5095.79, 6097, 8528.57, 9272.06, 5431.04, 7518.14, 7181.77, 5762.6, 5171.84, 6915.73,
6416.2, 4089, 4566.12, 5663.29, 6104.42, 8247.96, 5672.36, 4586.6, 4049.09, 5606.52,
5134.16, 5399.29, 5183.57, 6860.16, 6960.94, 5686.61, 6243.03, 7465.56, 8710.33, 4778.72,
4590.95, 5555.94, 6502.65, 5852.81, 4444.28, 6574.01, 6439.18, 5307.53, 7811.47, 7443.1,
4693.14, 5144.9, 6736.25, 7484.39, 4484.51, 7083.13, 7587.03, 6484.84, 7565.54, 7261.16,
5054.75, 6033.65, 6503.52, 7120.9, 6480.53, 5449.82, 6372.1, 5744.01, 6930.33, 5219.23,
5081.55]
==================================================
==================================================
time horizon: 10
Benders cut: 1
Improved Benders cut: 0
FW sample paths: 3
total iterations: 500
total time elapsed: 92911.5 seconds.
lower bounds improvement: [1951.21, 3809.68, 5050.09, 5925.78, 6144.74, 6177.14, 6198.2, 6198.8, 6201.92, 6213.4,
6218.64, 6219.34, 6226.87, 6226.87, 6236, 6241.42, 6243.62, 6244.51, 6249.4, 6250.32,
6251.34, 6251.49, 6253.8, 6255.34, 6255.97, 6256.88, 6257.32, 6257.78, 6258.37, 6258.59,
6259.02, 6259.12, 6259.71, 6261.46, 6261.94, 6262.95, 6263.87, 6264.42, 6264.84, 6265.68,
6266.22, 6267.02, 6267.71, 6267.89, 6268.35, 6269.29, 6269.88, 6270.19, 6270.43, 6271.33,
6273.65, 6275.34, 6277.86, 6278.32, 6279.01, 6280.54, 6280.91, 6282.58, 6283.09, 6283.19,
6283.99, 6284.19, 6285.02, 6285.36, 6286.23, 6287.14, 6287.64, 6288.06, 6289.18, 6292.05,
6293.27, 6296.3, 6297.14, 6298.45, 6299.03, 6300.19, 6301.51, 6305.86, 6306.98, 6308.86,
6309.62, 6309.82, 6310.47, 6311.45, 6312.95, 6313.39, 6313.53, 6315.32, 6315.37, 6320.34,
6320.59, 6320.79, 6324.11, 6325.52, 6327.53, 6328.57, 6330.12, 6332.14, 6333.81, 6335.43,
6337.28, 6337.7, 6340.38, 6340.51, 6343.94, 6347.88, 6348.61, 6349.4, 6350.88, 6352.75,
6353.55, 6355.59, 6356.07, 6358.82, 6360.54, 6364.8, 6365.27, 6367.25, 6367.9, 6369.55,
6372.8, 6373.99, 6376.16, 6376.96, 6380.64, 6383.28, 6383.35, 6384.46, 6385.26, 6386.72,
6389.23, 6391.27, 6393.11, 6394.03, 6395.18, 6396.95, 6397.57, 6399.37, 6400.02, 6401.22,
6403.33, 6406.7, 6407.48, 6409.27, 6411.01, 6414.29, 6414.32, 6415.73, 6416.46, 6419.21,
6420.55, 6420.82, 6422.58, 6424.74, 6425.5, 6427.09, 6427.15, 6427.65, 6429.46, 6434.3,
6441.35, 6442.08, 6443.74, 6444.18, 6445.91, 6447.01, 6449, 6449.26, 6449.29, 6449.78,
6454.21, 6455.86, 6458.07, 6461.71, 6461.91, 6462.57, 6464.39, 6468.72, 6473.05, 6473.75,
6473.8, 6474.52, 6475.69, 6476.06, 6478.25, 6482.03, 6484.72, 6485.19, 6485.92, 6487.81,
6489.56, 6492.15, 6492.92, 6493.91, 6496.59, 6498.26, 6498.61, 6498.66, 6501.05, 6503.83,
6506.07, 6506.41, 6506.56, 6510.39, 6511.08, 6513.11, 6513.4, 6515.7, 6517.52, 6520.38,
6523.61, 6524.97, 6524.98, 6525.26, 6527.16, 6527.3, 6527.37, 6529.69, 6530.12, 6531.4,
6534.17, 6536.52, 6536.7, 6539, 6541.9, 6542.59, 6544.39, 6544.52, 6544.78, 6545.23,
6545.82, 6547.12, 6547.16, 6547.36, 6548.09, 6548.4, 6549.47, 6551.76, 6552.16, 6552.96,
6554.61, 6555.06, 6555.94, 6556.32, 6557.02, 6558.12, 6559.61, 6560.4, 6560.49, 6561.92,
6562.2, 6562.72, 6563.41, 6563.53, 6565.1, 6565.63, 6566.18, 6567.08, 6567.39, 6567.5,
6567.79, 6567.87, 6568.23, 6568.24, 6569.68, 6570.56, 6571.59, 6571.96, 6572.81, 6572.92,
6573.09, 6574.17, 6574.36, 6574.9, 6575.66, 6576.95, 6577.44, 6578.42, 6578.48, 6578.6,
6579.34, 6579.43, 6579.45, 6579.97, 6580.68, 6581.11, 6581.25, 6581.45, 6581.76, 6581.99,
6582.24, 6582.33, 6582.34, 6582.63, 6583.12, 6583.43, 6583.74, 6583.8, 6584.29, 6584.8,
6584.84, 6584.91, 6584.97, 6585.35, 6585.89, 6586.25, 6586.43, 6586.79, 6586.91, 6587.5,
6587.56, 6588.3, 6588.47, 6588.52, 6588.77, 6588.92, 6589, 6589, 6589.19, 6589.33,
6589.43, 6589.51, 6589.57, 6589.75, 6589.86, 6589.94, 6590.06, 6590.22, 6590.29, 6590.5,
6590.71, 6590.77, 6591.03, 6591.12, 6591.22, 6591.23, 6591.43, 6591.45, 6591.51, 6591.85,
6591.85, 6591.89, 6591.92, 6592.32, 6592.41, 6592.47, 6592.53, 6592.55, 6592.71, 6592.98,
6593.03, 6593.06, 6593.12, 6593.25, 6593.27, 6593.3, 6593.36, 6593.47, 6593.5, 6593.52,
6593.63, 6593.73, 6593.81, 6594.01, 6594.11, 6594.12, 6594.18, 6594.24, 6594.27, 6594.44,
6594.58, 6594.6, 6594.6, 6594.67, 6594.7, 6594.78, 6594.83, 6594.87, 6594.94, 6594.96,
6594.96, 6595.01, 6595.01, 6595.01, 6595.02, 6595.04, 6595.04, 6595.4, 6595.79, 6596.39,
6596.61, 6596.68, 6596.98, 6597.01, 6597.05, 6597.07, 6597.13, 6597.21, 6597.49, 6597.64,
6597.78, 6597.85, 6597.91, 6598.03, 6598.06, 6598.14, 6598.17, 6598.24, 6598.27, 6598.31,
6598.34, 6598.36, 6598.48, 6598.58, 6598.68, 6598.68, 6598.69, 6598.71, 6598.73, 6598.73,
6598.73, 6598.75, 6599.01, 6599.85, 6599.92, 6600.26, 6600.44, 6600.65, 6600.68, 6600.84,
6600.84, 6600.99, 6601.19, 6601.25, 6601.25, 6601.26, 6601.27, 6601.47, 6601.48, 6601.52,
6601.61, 6601.64, 6601.7, 6601.75, 6601.82, 6601.82, 6601.85, 6601.94, 6602.06, 6602.1,
6602.16, 6602.18, 6602.2, 6602.26, 6602.28, 6602.31, 6602.31, 6602.32, 6602.33, 6602.34,
6602.44, 6602.47, 6602.47, 6602.5, 6602.57, 6602.57, 6602.57, 6602.6, 6602.6, 6602.62,
6602.63, 6602.85, 6603.04, 6603.04, 6603.11, 6603.13, 6603.14, 6603.16, 6603.19, 6603.24,
6603.35, 6603.38, 6603.38, 6603.38, 6603.39, 6603.39, 6603.4, 6603.4, 6603.57, 6603.67,
6603.79, 6603.82, 6603.83, 6603.83, 6603.86, 6603.87, 6603.9, 6603.9, 6603.9, 6603.91]
upper bounds improvement: [8420.15, 8664.9, 6443.77, 6594.26, 6238.59, 7964.23, 6921.08, 7241.93, 7537.1, 6526.71,
5583.84, 6011.12, 8006.26, 6303.48, 6187.39, 6691.88, 6983.22, 5346.96, 6023.72, 6002.61,
5944.48, 4499.28, 8034.47, 6735.57, 8879.69, 5777.86, 7569.79, 8084.32, 6757.63, 5229.28,
6898.39, 7676.51, 6181.49, 6590.05, 7189.37, 5370.24, 6467.19, 6785.22, 5661.95, 6983.52,
6512.84, 5981.21, 6468.32, 6376.85, 5460.43, 6100.24, 6382.54, 7111.07, 7927.17, 6593.78,
6519.51, 5218.01, 7868.94, 7563.57, 6092.77, 6082.37, 5404.96, 7361.54, 6354.95, 7645.07,
5555.52, 7779.18, 5490.07, 7675.73, 6163.1, 6686.66, 7386.45, 6743.47, 4938.91, 8014.72,
7100.02, 7154.27, 6126.6, 6973.79, 5142.96, 7646.39, 6636.3, 6084.87, 6454.5, 8666.37,
6557.41, 6706.78, 5978.37, 8040.07, 8561.76, 6121.28, 7451.05, 6548.39, 5435.18, 8283.82,
8643.68, 7284.44, 7590.37, 6083.82, 6556.16, 7557.94, 8632.81, 7730.02, 7840.76, 6117.49,
7658.21, 5383.09, 6030.09, 7212.54, 6829.94, 7603.74, 8715.25, 6708.73, 5969.36, 6860.63,
6740.62, 5564.52, 6449.27, 7531.74, 8829.2, 6558.41, 5886.11, 7739.78, 6638.74, 5880.22,
7581.37, 6187.86, 8108.66, 6069.74, 8041.9, 7422.95, 6477.29, 7411.44, 6592.79, 6839.89,
8486.74, 6771.47, 7462.55, 8179.06, 6926.92, 6420.75, 7033.48, 6959.86, 7879.46, 6061.23,
6396.79, 6426.87, 7039.65, 7785.01, 7626.22, 7633.2, 6858.18, 6172.74, 5678.64, 7926.15,
6450.52, 7013.11, 7808.02, 6198.2, 5405.39, 6021.59, 7804.51, 5457.48, 7310.28, 8412.03,
6732.95, 6535.7, 8503.74, 6001.2, 6134.39, 9017.69, 6089.98, 7456.12, 7593.45, 5790.56,
5754.51, 7928.68, 8398.88, 5139.09, 8255.16, 6377.2, 8609.75, 6439.17, 5455.36, 6957.96,
6787.46, 8314.18, 7065.91, 8033.32, 6876.94, 5373.71, 7446.4, 7837.13, 5997.32, 4850.81,
5459.62, 6881.57, 6891.9, 6747.01, 6984.76, 6666.38, 6902.16, 4978.44, 7331.83, 5068.82,
6050.66, 6817.09, 8528.82, 4731.95, 8721.01, 6469.23, 7680.24, 7751.06, 8235.52, 6414.96,
7239.44, 7488.26, 6950.49, 6454.72, 8227.51, 7525.81, 7474.92, 8616.34, 5995.03, 6706.57,
6858.21, 7342.15, 7800.42, 7245.31, 5166.93, 5988.4, 8319.83, 7104.42, 7391.41, 8005.16,
8057.41, 7750.33, 6050.21, 5907.01, 7348.39, 6761.62, 5886.61, 7402.79, 6106.49, 8293.91,
4808.1, 7689.3, 5382.78, 8640.86, 8717.88, 6876.77, 5751.39, 6725.29, 7376.58, 7994.02,
7566.62, 8029.54, 8367.24, 5575.75, 7187.84, 7476.01, 8608.71, 7197.84, 7024.5, 7663.54,
6812.91, 7064.48, 5794.62, 5930.16, 6724.89, 6116.81, 6671.4, 6070.37, 5212.55, 6897.48,
6297.32, 7043.07, 7027.06, 8874.61, 7607.6, 5526.66, 6359.41, 6208.38, 6091, 5537.44,
5625.64, 5977.74, 6594.56, 7169.79, 7724.33, 6696.8, 7721.91, 7275.35, 7051.31, 7934.96,
5010.73, 6440.23, 7862.99, 6049.86, 7949.42, 5093.21, 8562.48, 7502.65, 6867.87, 6832.65,
8221.74, 7352.51, 7621.2, 7455.23, 8294.74, 6807.57, 6103.5, 5676.33, 6222.18, 7159.85,
8435.96, 6657.75, 7198.24, 9218.73, 6886.62, 6590.35, 8801.73, 6374.26, 6050.02, 8378.39,
7931.86, 5977.53, 6590.37, 8230.32, 6078.71, 4394.3, 8387.92, 6420.86, 6507.24, 6284.14,
5585.7, 6745.31, 7488.53, 8277.7, 6956.86, 6766.03, 6382.2, 6508.45, 7654.74, 7792.71,
6572.54, 6614.87, 4980.53, 6122.21, 6662.98, 7195.06, 6702.22, 6302.22, 8149.57, 6536.23,
7850.98, 8378.2, 6797.16, 6237.77, 7337.05, 8452.18, 8639.6, 6744.11, 6075.8, 6625.54,
5969.32, 5883.74, 7814.31, 5994.9, 6898.73, 6756.98, 6118.77, 7464.97, 5801.21, 6428.72,
5872.87, 7376.69, 5720.76, 5940.04, 6678.64, 6978.61, 7587.95, 7169.32, 5833.12, 6793.99,
6275.41, 6237.21, 5937.65, 4820.77, 7343, 5833.61, 6756.78, 6547.41, 5390.27, 6077.41,
6263.38, 7646.44, 5181.84, 5381.52, 6374.5, 7188.36, 5892.48, 7812.69, 5327.68, 8023.23,
5175.78, 5983.95, 8416.71, 6909.73, 6397.66, 6194.98, 5696.91, 6085.96, 6620.32, 6282.56,
6286.37, 5617.31, 7468.17, 6531.48, 6962.96, 7421.15, 7250.11, 5906.53, 6668.83, 7583.64,
8034.84, 5869.72, 6681.53, 8372.17, 6678.12, 7360.93, 7115.23, 7777.33, 5797.67, 6256.89,
6433.15, 7836.82, 5675.49, 7547.63, 6213.86, 6248.37, 5539.45, 7196.7, 8437.6, 6744.07,
7836.18, 6734.36, 6252.37, 5447.7, 7141.7, 7168.56, 6715.55, 6605.37, 7395.39, 4748.25,
6393.1, 8101.41, 8297.53, 7693.9, 6857.82, 6136.17, 5966.92, 6585.97, 7909.31, 7809.87,
7203.36, 7438.25, 5811.17, 5798.93, 5745.09, 5978.9, 7824.59, 6304.37, 7643.01, 6791.85,
6247.94, 6758.26, 7891.2, 5501.82, 5318.15, 6183.43, 5222.73, 7240.53, 6447.49, 7350.81,
6483.74, 5932.69, 7193.74, 6647.2, 5582.36, 6095.97, 5397.87, 6038.36, 6480.6, 6197.72,
6272.25, 5781.37, 7343.69, 6620.48, 7514.02, 6666.24, 5918.79, 8081.46, 8132.55, 6476.44,
6720.73]
left 95% CI for the upper bound: [7774.83, 8112.48, 4269, 4346.58, 4230.54, 7517.33, 4908.01, 5691.22, 5284.87, 5193.62,
3126.59, 4219.85, 6899.25, 4569.53, 4348.34, 4281.4, 5901.66, 4184.57, 2956.8, 3607.67,
3790.05, 4176.11, 7707.82, 4676.56, 8742.77, 3147.98, 6443.58, 7262.48, 4908.83, 3106.6,
5405.91, 5397.05, 4271.83, 4475.2, 4705.67, 3826.4, 5181.45, 4669.13, 4186.81, 5264.33,
3833.1, 3306.54, 3978.53, 4812.94, 3039.15, 4080.83, 5177.85, 4448.61, 6126.23, 4822.36,
4252.88, 4963, 7196.95, 5560.58, 4294.25, 5161.26, 4007.55, 5525.65, 3967.16, 5972.4,
4690.04, 7166.14, 3434.67, 6697.63, 5989.36, 4206.43, 5537.83, 4772.2, 4052.53, 6213.81,
4929.56, 5122.25, 3530.28, 3853.26, 4170.78, 6121.24, 5568.49, 3964.39, 4674.78, 8332.8,
4458.4, 5406.13, 4771.77, 7060.81, 7928.93, 3827.16, 4287.19, 4794.04, 4723.25, 7653.48,
8354, 5116.95, 6280, 4091.02, 4765.57, 6346.33, 7868.59, 6129.2, 6009.27, 3638.33,
6415.82, 4142.49, 3711.61, 5205.6, 4258.89, 7050.04, 8213.44, 4350, 5100.68, 4348.25,
4320.59, 4854.9, 5119.7, 5379.67, 8261.4, 4107.7, 3645.17, 7157.56, 4488.62, 3652.27,
5439.98, 4239.04, 7507.32, 4501.99, 7644.52, 5659.07, 4556.45, 5017.76, 4754.61, 4589.71,
7691.68, 4421.21, 5369.81, 6062.2, 4739.31, 4074.98, 4521.75, 4459.18, 6130.31, 3711.69,
3575.76, 5245.25, 4977.05, 6381.64, 5311.2, 5979.17, 4799.76, 3269.09, 5045.16, 6652.63,
5521.15, 5999.43, 6549.01, 4753.53, 4071.94, 4060.38, 6823.75, 4287.13, 5387.95, 7510.52,
4930.43, 4725.9, 7794.25, 4651.11, 4294.76, 7756.43, 4958.31, 5606.62, 4931.44, 3672.23,
3053.82, 6858.58, 7015.87, 3111.25, 7860.13, 5241.91, 8321.85, 4033.07, 5138.74, 3896.95,
5383.13, 7734.94, 5216.96, 6753.16, 4178.91, 4992.42, 5399.54, 5024.01, 3565.75, 4005.06,
4074.42, 4751.31, 5635.7, 5677.02, 4657.82, 4160.63, 5542.59, 4081.41, 5372.54, 3960.14,
3977.96, 4161.04, 8072.52, 4109.16, 8449.86, 3754.11, 5515.81, 6166.65, 7413.14, 3823.39,
5164.99, 5712.72, 4966.58, 4616.46, 7175.55, 5840.64, 4637.95, 8353.53, 3126.27, 4719.64,
5162.64, 5490.29, 7204.5, 4283.62, 3454.38, 4089.29, 7768.35, 4434.89, 5251.22, 7615.48,
7231.57, 5915.71, 4001.06, 4035.07, 4887.9, 5222.78, 3192.15, 6323.98, 4707.49, 6722.76,
3163, 6346.94, 3898.27, 7045.01, 8427.34, 4912.18, 4032.95, 5429, 6022.89, 7149.19,
5350.02, 5048.14, 7952.17, 4200.1, 4467.59, 5778.32, 8146.28, 5915.31, 5313.56, 6444.18,
4375.25, 5879.36, 5626.99, 4685.41, 4590.19, 3289.18, 5027.37, 4363.65, 3592.65, 4912.82,
3442.7, 5124.45, 4101.78, 8462.29, 5914.06, 4126.45, 3930.46, 4022.77, 4456.07, 4135.75,
3833.16, 2653.71, 3988.44, 4433.27, 5898.06, 4692.61, 5990.38, 5494.56, 4738, 5774.39,
4873.51, 4884.99, 6776.78, 4267.81, 7920.97, 4137.47, 7878.6, 6760.31, 4190.49, 4697.67,
7334.48, 5249.69, 6061.83, 7146.93, 7511.06, 4431.03, 4141.98, 4381.59, 3687.56, 5331.45,
7601.23, 4421.07, 5411.83, 8385.09, 5605.2, 4433.47, 8368.2, 3952.78, 4805.26, 7212.91,
7232.12, 4179.93, 4884.88, 7379.83, 4232.28, 3874.89, 8000.92, 4826.43, 3644.87, 5192.44,
2570.16, 5592.53, 5308.32, 7828.87, 4311.29, 5784.3, 4255.55, 4347.6, 6637.88, 7094.59,
4450.19, 4492.05, 3542.77, 3331.22, 5014.81, 4229.32, 4146.5, 3573.71, 7003.01, 4382.73,
6051.91, 7835.42, 4538.49, 3828.5, 5918.3, 7858.22, 8115.92, 4480.77, 3874.51, 4348.48,
4303.18, 3871.93, 7066.26, 3767.91, 4272.71, 4824.26, 3816.29, 5649.04, 4793.54, 4771.93,
3536.62, 6201.74, 3896.49, 3128.83, 4095.99, 3711.89, 5379.21, 4611.93, 5154.89, 4534.51,
4556.55, 4340.9, 4865.97, 3349.31, 6940.89, 4903.29, 5009.83, 6358.42, 2466.55, 3965.92,
3814.97, 5981.32, 4616.27, 4634.24, 4309.25, 5445.04, 2802.72, 7094.26, 3765.42, 7173.23,
2965.96, 3454.84, 8167.56, 3788.55, 3864.05, 3233.5, 3968.09, 4048.24, 4994.01, 3795.25,
4421.11, 3779.25, 6731.66, 3868.75, 4163.68, 6625.81, 4188.47, 3117.94, 4238.63, 6440.04,
7623.06, 5674.36, 6496.34, 7700.49, 4065.47, 4298.01, 4916.31, 5355.92, 3693.44, 5158.94,
4193.61, 7054.53, 3859.57, 6815.01, 4543.75, 4621.07, 3476.43, 5521.05, 7466.93, 5475.16,
6566.46, 4387.03, 4293.9, 3252.19, 5124.34, 5186.24, 4530.29, 4018.26, 5334.05, 3184.81,
4074.28, 7825.07, 8042.27, 5656.67, 4700.28, 3261.71, 3842.22, 4304.19, 7543.99, 6881.48,
4003.06, 6274.65, 4949.75, 3945.37, 3623.86, 3813.16, 6771.5, 5031.03, 5934.21, 3949.26,
4070.6, 6569.42, 7018.96, 3183.48, 3338.83, 3989.49, 4281.74, 6427.69, 3944.93, 6550.8,
4281.69, 2932.65, 5710.6, 4999.42, 4441.7, 4406.45, 3916.56, 3749.77, 6294.84, 4020.92,
3586.7, 3340.74, 5175.94, 4323.82, 5969.4, 5436.24, 3951.63, 7678.01, 7683.35, 6290.69,
6639.32]
right 95% CI for the upper bound: [9065.47, 9217.31, 8618.54, 8841.94, 8246.64, 8411.12, 8934.16, 8792.64, 9789.34, 7859.8,
8041.08, 7802.39, 9113.26, 8037.43, 8026.43, 9102.36, 8064.78, 6509.36, 9090.63, 8397.55,
8098.9, 4822.44, 8361.13, 8794.58, 9016.61, 8407.74, 8696.01, 8906.15, 8606.43, 7351.96,
8390.87, 9955.97, 8091.14, 8704.9, 9673.07, 6914.09, 7752.92, 8901.32, 7137.08, 8702.7,
9192.58, 8655.87, 8958.1, 7940.76, 7881.71, 8119.66, 7587.23, 9773.54, 9728.12, 8365.2,
8786.15, 5473.02, 8540.94, 9566.55, 7891.3, 7003.48, 6802.38, 9197.44, 8742.75, 9317.74,
6421, 8392.21, 7545.47, 8653.82, 6336.85, 9166.89, 9235.06, 8714.73, 5825.3, 9815.64,
9270.48, 9186.29, 8722.92, 10094.3, 6115.14, 9171.53, 7704.11, 8205.34, 8234.23, 8999.95,
8656.41, 8007.42, 7184.97, 9019.33, 9194.58, 8415.4, 10614.9, 8302.74, 6147.11, 8914.16,
8933.36, 9451.93, 8900.73, 8076.61, 8346.75, 8769.54, 9397.03, 9330.84, 9672.24, 8596.65,
8900.61, 6623.7, 8348.57, 9219.47, 9400.98, 8157.43, 9217.06, 9067.46, 6838.04, 9373.02,
9160.66, 6274.13, 7778.83, 9683.82, 9397, 9009.12, 8127.06, 8322, 8788.86, 8108.18,
9722.76, 8136.68, 8710.01, 7637.49, 8439.28, 9186.82, 8398.12, 9805.13, 8430.98, 9090.07,
9281.8, 9121.74, 9555.28, 10295.9, 9114.52, 8766.51, 9545.21, 9460.53, 9628.62, 8410.76,
9217.82, 7608.49, 9102.24, 9188.38, 9941.24, 9287.23, 8916.61, 9076.38, 6312.13, 9199.67,
7379.89, 8026.78, 9067.03, 7642.87, 6738.84, 7982.81, 8785.27, 6627.83, 9232.62, 9313.53,
8535.47, 8345.49, 9213.24, 7351.28, 7974.01, 10278.9, 7221.65, 9305.62, 10255.5, 7908.88,
8455.2, 8998.77, 9781.89, 7166.94, 8650.19, 7512.48, 8897.65, 8845.28, 5771.98, 10019,
8191.79, 8893.41, 8914.86, 9313.49, 9574.97, 5754.99, 9493.25, 10650.3, 8428.89, 5696.56,
6844.83, 9011.83, 8148.11, 7817.01, 9311.69, 9172.13, 8261.74, 5875.46, 9291.12, 6177.5,
8123.35, 9473.13, 8985.12, 5354.74, 8992.17, 9184.35, 9844.66, 9335.47, 9057.9, 9006.52,
9313.9, 9263.81, 8934.39, 8292.98, 9279.47, 9210.98, 10311.9, 8879.15, 8863.79, 8693.51,
8553.78, 9194.01, 8396.34, 10207, 6879.48, 7887.51, 8871.3, 9773.94, 9531.6, 8394.84,
8883.24, 9584.94, 8099.35, 7778.96, 9808.87, 8300.46, 8581.07, 8481.59, 7505.5, 9865.05,
6453.2, 9031.65, 6867.29, 10236.7, 9008.41, 8841.36, 7469.84, 8021.59, 8730.27, 8838.85,
9783.22, 11010.9, 8782.31, 6951.41, 9908.1, 9173.7, 9071.14, 8480.36, 8735.44, 8882.9,
9250.57, 8249.6, 5962.25, 7174.9, 8859.6, 8944.43, 8315.43, 7777.1, 6832.46, 8882.15,
9151.94, 8961.69, 9952.34, 9286.94, 9301.14, 6926.88, 8788.36, 8394, 7725.94, 6939.13,
7418.11, 9301.76, 9200.68, 9906.3, 9550.6, 8700.99, 9453.44, 9056.15, 9364.63, 10095.5,
5147.94, 7995.47, 8949.21, 7831.92, 7977.87, 6048.96, 9246.36, 8244.99, 9545.26, 8967.63,
9109, 9455.34, 9180.57, 7763.54, 9078.43, 9184.1, 8065.02, 6971.07, 8756.81, 8988.26,
9270.68, 8894.42, 8984.65, 10052.4, 8168.04, 8747.23, 9235.25, 8795.74, 7294.77, 9543.87,
8631.6, 7775.14, 8295.87, 9080.82, 7925.15, 4913.71, 8774.91, 8015.28, 9369.61, 7375.84,
8601.25, 7898.09, 9668.75, 8726.54, 9602.44, 7747.76, 8508.85, 8669.3, 8671.6, 8490.83,
8694.89, 8737.69, 6418.28, 8913.2, 8311.15, 10160.8, 9257.94, 9030.73, 9296.13, 8689.72,
9650.04, 8920.98, 9055.83, 8647.05, 8755.8, 9046.14, 9163.29, 9007.46, 8277.08, 8902.59,
7635.46, 7895.55, 8562.35, 8221.9, 9524.75, 8689.7, 8421.24, 9280.89, 6808.88, 8085.51,
8209.12, 8551.64, 7545.04, 8751.24, 9261.28, 10245.3, 9796.69, 9726.71, 6511.35, 9053.47,
7994.27, 8133.53, 7009.33, 6292.23, 7745.11, 6763.93, 8503.73, 6736.39, 8313.99, 8188.91,
8711.79, 9311.56, 5747.42, 6128.79, 8439.75, 8931.69, 8982.25, 8531.11, 6889.93, 8873.23,
7385.61, 8513.05, 8665.85, 10030.9, 8931.27, 9156.46, 7425.74, 8123.67, 8246.63, 8769.87,
8151.62, 7455.36, 8204.68, 9194.2, 9762.24, 8216.49, 10311.8, 8695.13, 9099.04, 8727.25,
8446.62, 6065.08, 6866.71, 9043.85, 9290.76, 10423.8, 9314.15, 10198.7, 7901.89, 7354.83,
8672.69, 8619.11, 7491.41, 8280.26, 7883.98, 7875.68, 7602.47, 8872.34, 9408.27, 8012.97,
9105.9, 9081.69, 8210.83, 7643.21, 9159.05, 9150.88, 8900.81, 9192.48, 9456.72, 6311.69,
8711.91, 8377.74, 8552.78, 9731.12, 9015.36, 9010.64, 8091.63, 8867.76, 8274.62, 8738.26,
10403.7, 8601.86, 6672.58, 7652.49, 7866.32, 8144.63, 8877.69, 7577.72, 9351.81, 9634.44,
8425.28, 6947.1, 8763.43, 7820.15, 7297.46, 8377.37, 6163.73, 8053.37, 8950.06, 8150.83,
8685.8, 8932.73, 8676.88, 8294.99, 6723.02, 7785.49, 6879.19, 8326.95, 6666.37, 8374.52,
8957.8, 8222, 9511.45, 8917.13, 9058.64, 7896.23, 7885.96, 8484.92, 8581.75, 6662.19,
6802.13]

