==================================================
==================================================
time horizon: 3
Benders cut: 1
total iterations: 15
total time elapsed: 1031.07 seconds.
lower bounds improvement: [1325.89, 1867.11, 2040.74, 2064.29, 2078.29, 2120.17, 2120.67, 2121.74, 2122.91, 2134.18,
2151.68, 2162.23, 2172.84, 2172.84, 2172.84]
upper bounds improvement: [2262.34, 2883.75, 2212.23, 2271.11, 3131.62, 2599.96, 2146.92, 2053.39, 3097.53, 2186.49,
2049.97, 2294.05, 2187.36, 2219.94, 2149.71]
left 95% CI for the upper bound: [2148.7, 2728.3, 2068.55, 2184.41, 3019.63, 2491.85, 2036.23, 1936.33, 2977.38, 2056.92,
1947.63, 2136.32, 2073.12, 2099.05, 2079.48]
right 95% CI for the upper bound: [2375.97, 3039.21, 2355.92, 2357.82, 3243.6, 2708.06, 2257.6, 2170.45, 3217.69, 2316.07,
2152.31, 2451.78, 2301.6, 2340.84, 2219.94]
==================================================
==================================================
time horizon: 3
Benders cut: 1
total iterations: 24
total time elapsed: 1001.7 seconds.
lower bounds improvement: [1308.85, 2028.24, 2044.12, 2044.12, 2044.12, 2044.12, 2044.12, 2044.12, 2044.12, 2044.12,
2061.16, 2067.68, 2085.93, 2091.24, 2105.24, 2114.3, 2121.21, 2143.76, 2151.32, 2162.23,
2169.33, 2172.84, 2172.84, 2172.84]
upper bounds improvement: [2262.34, 2702.12, 2212.23, 2174.54, 2156.17, 2119.11, 2148.74, 2014.3, 2093.71, 2094.98,
2035.36, 2253.92, 2210.76, 3150.62, 2139.31, 2598.69, 2237.77, 3186.21, 2236.2, 2152.22,
2090.1, 2154.93, 2238.9, 2124.59]
left 95% CI for the upper bound: [2148.7, 2597.14, 2068.55, 2062.59, 2044.19, 1991.03, 2038.31, 1897.44, 1973.97, 1962.97,
1933.21, 2092.64, 2097.82, 3029.92, 2020.13, 2496.2, 2095.94, 3035.34, 2110.95, 2034.47,
1979.92, 2046.39, 2110.81, 2052.81]
right 95% CI for the upper bound: [2375.97, 2807.11, 2355.92, 2286.5, 2268.16, 2247.19, 2259.16, 2131.17, 2213.44, 2227,
2137.5, 2415.2, 2323.7, 3271.32, 2258.5, 2701.18, 2379.61, 3337.07, 2361.45, 2269.98,
2200.28, 2263.48, 2366.98, 2196.37]
==================================================
==================================================
time horizon: 3
Benders cut: 1
total iterations: 18
total time elapsed: 512.208 seconds.
lower bounds improvement: [1308.85, 2028.24, 2044.12, 2044.12, 2061.16, 2067.68, 2085.93, 2091.24, 2105.24, 2114.3,
2121.21, 2143.76, 2148.41, 2162.23, 2169.33, 2172.84, 2172.84, 2172.84]
upper bounds improvement: [2262.34, 2702.12, 2212.23, 2174.54, 2156.17, 2159.07, 2189.85, 2942.64, 2140.82, 2572.72,
2073.52, 3223.31, 2257.87, 2298.27, 2113.3, 2143.66, 2197.18, 2179.84]
left 95% CI for the upper bound: [2148.7, 2597.14, 2068.55, 2062.59, 2044.19, 2030.25, 2081.28, 2825.77, 2021.08, 2456.54,
1971.19, 3062.59, 2144.93, 2178.64, 1994.03, 2020.67, 2055.34, 2060.18]
right 95% CI for the upper bound: [2375.97, 2807.11, 2355.92, 2286.5, 2268.16, 2287.89, 2298.43, 3059.5, 2260.55, 2688.89,
2175.86, 3384.03, 2370.81, 2417.9, 2232.57, 2266.65, 2339.02, 2299.51]
==================================================
==================================================
time horizon: 4
Benders cut: 1
total iterations: 59
total time elapsed: 1644.82 seconds.
lower bounds improvement: [1653.3, 2354.4, 2382.42, 2483.5, 2483.5, 2500.54, 2608.17, 2666.21, 2680.21, 2693.36,
2699.36, 2724.5, 2739.96, 2746.48, 2770.59, 2773.12, 2820.01, 2870.32, 2894.78, 2923.13,
2936.15, 2959.02, 2969.32, 3008.17, 3012.33, 3027.01, 3035.05, 3038.55, 3041.57, 3045.08,
3050.57, 3056.49, 3066.19, 3074.12, 3076.57, 3077.87, 3080.19, 3100.47, 3121.4, 3124.26,
3135.75, 3137.09, 3142.27, 3147.46, 3174.12, 3175.4, 3182.4, 3183.6, 3195.64, 3198.49,
3213.29, 3220.51, 3227.03, 3231.78, 3233.4, 3233.52, 3251.52, 3251.52, 3251.52]
upper bounds improvement: [3398.38, 3462.72, 3275.82, 3749.02, 3379.01, 3247.23, 4246.05, 3228.74, 3331.21, 3778.23,
4372.31, 3374.96, 3305.81, 3591.36, 3751.38, 3638.76, 3461.77, 3467.81, 3352.96, 3769.73,
3234.34, 3673.44, 3443.1, 3848.79, 3232.19, 3767.03, 3735.55, 4218.79, 4025.48, 4161.29,
3496.83, 3786.81, 3762.84, 4258.54, 3864.52, 3877.44, 4198.14, 4611.72, 3994.71, 4473.72,
3910.01, 4742.16, 3366.19, 4547.84, 4177.67, 3796.66, 4176.06, 4744.02, 3659.73, 4422.94,
3599, 4012.46, 3388.93, 3331.64, 3976.02, 4117.9, 4627.35, 3497.01, 3263.54]
left 95% CI for the upper bound: [3172.9, 3288.56, 3054.16, 3545.9, 3152.5, 3033.57, 4039.75, 3030.68, 3132.31, 3556.59,
4128.93, 3182.82, 3105.02, 3382.04, 3563.93, 3469.88, 3262.63, 3281.88, 3178.07, 3563.62,
3044.06, 3478.83, 3236.05, 3586.19, 3014.85, 3603.35, 3537.8, 3998.95, 3750.92, 3998.65,
3324.09, 3551.4, 3586.26, 4032.95, 3669.05, 3694.94, 3979.82, 4403.69, 3784.83, 4269.57,
3755.54, 4544.15, 3175.68, 4379.75, 3992.97, 3626.3, 3899.54, 4546, 3511.42, 4227.73,
3437.82, 3765.52, 3172.15, 3131.37, 3761.64, 3863.03, 4401.15, 3246.8, 3130.29]
right 95% CI for the upper bound: [3623.86, 3636.87, 3497.48, 3952.14, 3605.52, 3460.9, 4452.34, 3426.8, 3530.11, 3999.86,
4615.69, 3567.1, 3506.59, 3800.68, 3938.82, 3807.63, 3660.91, 3653.75, 3527.85, 3975.84,
3424.61, 3868.05, 3650.16, 4111.4, 3449.54, 3930.71, 3933.31, 4438.63, 4300.04, 4323.93,
3669.57, 4022.22, 3939.43, 4484.14, 4059.99, 4059.94, 4416.46, 4819.74, 4204.6, 4677.88,
4064.47, 4940.16, 3556.7, 4715.94, 4362.38, 3967.02, 4452.58, 4942.05, 3808.03, 4618.15,
3760.18, 4259.41, 3605.71, 3531.91, 4190.4, 4372.77, 4853.55, 3747.22, 3396.79]
==================================================
==================================================
time horizon: 3
Benders cut: 1
total iterations: 14
total time elapsed: 484.123 seconds.
lower bounds improvement: [1400.65, 1491.54, 1491.54, 1508.58, 1515.1, 1538.65, 1552.65, 1754.94, 1758.54, 1921.87,
1929.02, 1933.08, 1933.08, 1933.08]
upper bounds improvement: [1950.07, 2344.75, 1956.61, 2028.31, 1965.05, 2681.36, 2044.33, 2728.52, 2084.21, 2941.24,
1971.77, 1939.96, 1963.15, 1925.04]
left 95% CI for the upper bound: [1862.5, 2305.96, 1877.49, 1946.74, 1881.12, 2491.83, 1960.6, 2691.54, 2007.57, 2857.75,
1897.44, 1868.2, 1889.57, 1869.67]
right 95% CI for the upper bound: [2037.63, 2383.53, 2035.73, 2109.88, 2048.97, 2870.88, 2128.05, 2765.5, 2160.85, 3024.72,
2046.09, 2011.72, 2036.73, 1980.41]
==================================================
==================================================
time horizon: 3
Benders cut: 1
total iterations: 13
total time elapsed: 648.005 seconds.
lower bounds improvement: [1484.42, 1846.06, 1846.06, 1863.1, 1869.62, 1893.17, 1907.17, 1920.33, 1950.02, 2020.77,
2048.55, 2048.55, 2048.55]
upper bounds improvement: [2073.62, 2521.74, 2029.02, 2039.8, 2092.68, 2114.97, 2109.82, 2570.29, 3001.78, 2253.39,
2021.34, 2046.38, 2012.71]
left 95% CI for the upper bound: [2011.96, 2451.44, 1963.62, 1971.38, 2030.75, 2057.43, 2045.93, 2498.06, 2933.65, 2220.2,
1953.67, 1986.07, 1957.39]
right 95% CI for the upper bound: [2135.28, 2592.03, 2094.42, 2108.22, 2154.61, 2172.5, 2173.72, 2642.52, 3069.91, 2286.57,
2089.01, 2106.68, 2068.04]
