time horizon: 5
Benders cut: 1
FW sample paths: 1
total iterations: 74
total time elapsed: 66.2026 seconds.
lower bounds improvement: [607.875, 2012.68, 2090.93, 2208.58, 2209.49, 2210.4, 2210.4, 2227.44, 2229.36, 2233.96,
2243.4, 2244.48, 2256.14, 2271.12, 2279.07, 2304.71, 2313.28, 2313.53, 2314, 2315.62,
2316.12, 2322.67, 2325.95, 2328.97, 2332.6, 2336.13, 2337.02, 2343.09, 2346.45, 2350.04,
2351.11, 2356.94, 2358.25, 2367.13, 2372.83, 2375.45, 2378.27, 2378.92, 2379.36, 2380.35,
2384.04, 2385.06, 2386.38, 2390.38, 2396.88, 2398.96, 2399.37, 2399.59, 2403.12, 2404.35,
2406.82, 2408.33, 2409.16, 2409.97, 2411.3, 2411.95, 2412.38, 2416.04, 2417.41, 2417.41,
2417.41, 2417.41, 2417.41, 2420.02, 2420.56, 2421.02, 2423.09, 2424.82, 2425.55, 2426.15,
2426.15, 2426.15, 2426.15, 2426.15]
upper bounds improvement: [1305.92, 1739.14, 2813.21, 3127.42, 3234.53, 2814.36, 3518.29, 2834.71, 2868.88, 3520.72,
2822.12, 2813.2, 2774.29, 3583.04, 2861.72, 2014.24, 1677.64, 2762.01, 2819.73, 2804.55,
2799.64, 2811.16, 3191.46, 2786.96, 2854.33, 3498.52, 1998.68, 2875.41, 2973.11, 2642.01,
1641.2, 2885.08, 1858.4, 1989.21, 2318.4, 2842.63, 2831.78, 1906.76, 2908.15, 1941.73,
3820.95, 2873.64, 2974.75, 2824, 2836.07, 1603.25, 1788.72, 2888.84, 1932.91, 2819.32,
1943.63, 1632.46, 1869.48, 2913.04, 1935.52, 2883.44, 1725.28, 2819.32, 1923.8, 2824.12,
2887.78, 2837.82, 1865.18, 2458.24, 2434.12, 2531.2, 2375.26, 2393.96, 2632.88, 3695.97,
2418.35, 2418.66, 2509, 2427.1]
left 95% CI for the upper bound: [-nan, -nan, -nan, -nan, -nan, -nan, -nan, -nan, -nan, -nan,
-nan, -nan, -nan, -nan, -nan, -nan, -nan, -nan, -nan, -nan,
-nan, -nan, -nan, -nan, -nan, -nan, -nan, -nan, -nan, -nan,
-nan, -nan, -nan, -nan, -nan, -nan, -nan, -nan, -nan, -nan,
-nan, -nan, -nan, -nan, -nan, -nan, -nan, -nan, -nan, -nan,
-nan, -nan, -nan, -nan, -nan, -nan, -nan, -nan, -nan, -nan,
-nan, -nan, -nan, 2312.34, 2284.84, 2396.02, 2213.29, 2235.9, 2491.73, 3556.5,
2264.12, 2259.21, 2359.81, 2276.33]
right 95% CI for the upper bound: [-nan, -nan, -nan, -nan, -nan, -nan, -nan, -nan, -nan, -nan,
-nan, -nan, -nan, -nan, -nan, -nan, -nan, -nan, -nan, -nan,
-nan, -nan, -nan, -nan, -nan, -nan, -nan, -nan, -nan, -nan,
-nan, -nan, -nan, -nan, -nan, -nan, -nan, -nan, -nan, -nan,
-nan, -nan, -nan, -nan, -nan, -nan, -nan, -nan, -nan, -nan,
-nan, -nan, -nan, -nan, -nan, -nan, -nan, -nan, -nan, -nan,
-nan, -nan, -nan, 2604.13, 2583.4, 2666.39, 2537.23, 2552.03, 2774.03, 3835.43,
2572.58, 2578.1, 2658.19, 2577.87]
==================================================
==================================================
time horizon: 5
Benders cut: 1
FW sample paths: 2
total iterations: 56
total time elapsed: 23.8524 seconds.
lower bounds improvement: [926.809, 2167.19, 2293.43, 2296.81, 2296.99, 2299.8, 2299.84, 2300.02, 2300.02, 2315.97,
2317.06, 2323.57, 2328.07, 2335.23, 2347.06, 2348.28, 2348.85, 2356.35, 2359.93, 2360.33,
2364.47, 2365.9, 2373.48, 2378.68, 2382.35, 2384.47, 2385.25, 2385.63, 2391.71, 2392.91,
2400.35, 2411.13, 2413.22, 2416.11, 2416.11, 2417.89, 2417.89, 2418.31, 2418.53, 2419.27,
2419.34, 2419.34, 2419.85, 2420.35, 2420.88, 2422.28, 2423.35, 2423.67, 2424.65, 2425.49,
2426.15, 2426.15, 2426.15, 2426.15, 2426.15, 2426.15]
upper bounds improvement: [2303.31, 2961.1, 2941.08, 2828.68, 2200.64, 2090.56, 1696.56, 2814.99, 2296.73, 2295.96,
2791.48, 2818.58, 2842.72, 2289.31, 3559.34, 2833.15, 2287.7, 1901.4, 2139.59, 3169.32,
2325.77, 3282.71, 2285.28, 2765.34, 2880.74, 2299.42, 2410.88, 2178.1, 2787.3, 2343.65,
2437.76, 2071.88, 2899.2, 1842.34, 2245.81, 1736.64, 1632.46, 1808.17, 2237.9, 1763.85,
2906.14, 2341.51, 2799.87, 1600.75, 2820.04, 2233.56, 2291.81, 2824.36, 2239.47, 2869.63,
2257.1, 2260.25, 2827.09, 2151.55, 2832.77, 2555.85]
left 95% CI for the upper bound: [1067.95, 2830.78, 2457.39, 2810.75, 920.922, 721.177, 1477.43, 2775.65, 1238.85, 1230.11,
2746.39, 2793.07, 2825.61, 1148.57, 3478.43, 2807, 1355.71, 1896.66, 797.913, 2519.97,
1184.61, 2702.67, 1205.74, 2566.5, 1946.51, 1163.62, 1447.19, 880.928, 2679.41, 1250.38,
1356.75, 654.358, 2829.3, 1795.64, 1098.38, 1484.7, 1587.22, 1509.03, 1096.49, 1461.08,
2905.49, 1417.38, 2728.93, 1349.43, 2775.72, 1144.47, 1303.2, 2821.5, 1047.32, 2851.5,
1154.72, 1076.02, 2808.97, 1088.89, 2806.41, 2418.98]
right 95% CI for the upper bound: [3538.67, 3091.42, 3424.76, 2846.6, 3480.36, 3459.94, 1915.69, 2854.33, 3354.62, 3361.81,
2836.57, 2844.09, 2859.83, 3430.04, 3640.24, 2859.31, 3219.7, 1906.14, 3481.27, 3818.68,
3466.94, 3862.75, 3364.82, 2964.19, 3814.96, 3435.21, 3374.56, 3475.27, 2895.18, 3436.91,
3518.77, 3489.4, 2969.11, 1889.04, 3393.23, 1988.58, 1677.71, 2107.3, 3379.32, 2066.62,
2906.78, 3265.64, 2870.81, 1852.07, 2864.37, 3322.66, 3280.42, 2827.22, 3431.62, 2887.77,
3359.47, 3444.48, 2845.22, 3214.2, 2859.14, 2692.72]
==================================================
==================================================
time horizon: 5
Benders cut: 1
FW sample paths: 3
total iterations: 53
total time elapsed: 33.917 seconds.
lower bounds improvement: [1372.28, 2121.03, 2143.67, 2195.91, 2198.34, 2198.34, 2225.87, 2231.72, 2238.24, 2248.76,
2259.59, 2290.86, 2301.09, 2307.54, 2318.56, 2318.91, 2322.32, 2325.78, 2338.93, 2345.39,
2347.1, 2350.55, 2357.82, 2365.32, 2371.8, 2377.57, 2382.76, 2391.76, 2393.78, 2394.6,
2402.73, 2403.15, 2403.74, 2415.2, 2418.67, 2421.06, 2421.62, 2421.62, 2423.07, 2423.07,
2423.38, 2423.38, 2423.4, 2423.81, 2424.7, 2425.26, 2425.67, 2426.15, 2426.15, 2426.15,
2426.15, 2426.15, 2426.15]
upper bounds improvement: [2830.31, 2893.61, 2580.24, 2748.71, 2494.2, 2425.7, 2822.19, 2844.88, 3001.17, 2843.15,
2160.79, 2413.06, 2437.81, 2569.35, 2117.41, 2923.64, 2524.73, 2697.14, 3584.83, 3149.66,
1810.65, 2502.73, 2597.96, 2109.61, 2549.44, 2876.07, 2404.55, 2917.7, 2533.32, 2891.42,
1851.78, 2034.34, 2459.41, 2910.86, 2618.47, 2333.04, 2463.04, 2421.04, 2046.52, 2824.32,
2355.29, 2422.07, 2358.37, 2003.36, 2848.28, 2042.24, 2044.41, 1777.29, 2758.03, 2150.08,
1996.29, 2342.24, 2295.32]
left 95% CI for the upper bound: [2700.82, 2862.12, 1921.49, 2168.44, 1832.4, 1631.54, 2792.18, 2797.88, 2383.19, 2815.84,
1407.43, 1242.72, 1684.2, 1965.31, 1340.17, 2908.13, 1756.38, 1551.25, 3443.85, 2505.01,
1662.67, 1836.15, 2044.84, 1261.98, 1731.4, 1777.08, 1649.54, 2892.03, 1855.31, 2860.42,
1796.54, 1348.55, 1668.68, 2863.59, 2066.53, 1386.12, 1700.96, 1669.55, 1244.68, 2789.58,
1399.82, 1647.94, 1625.56, 1137.06, 2810.46, 1311.3, 1240.27, 1683.71, 2695, 1568.66,
1211.38, 1599.27, 2129.47]
right 95% CI for the upper bound: [2959.8, 2925.1, 3238.98, 3328.98, 3155.99, 3219.86, 2852.21, 2891.88, 3619.16, 2870.46,
2914.15, 3583.41, 3191.43, 3173.38, 2894.65, 2939.15, 3293.08, 3843.03, 3725.8, 3794.31,
1958.64, 3169.32, 3151.09, 2957.24, 3367.48, 3975.07, 3159.55, 2943.36, 3211.34, 2922.41,
1907.03, 2720.14, 3250.13, 2958.13, 3170.41, 3279.96, 3225.11, 3172.53, 2848.36, 2859.06,
3310.75, 3196.21, 3091.18, 2869.66, 2886.1, 2773.19, 2848.54, 1870.88, 2821.07, 2731.49,
2781.2, 3085.22, 2461.17]
==================================================
==================================================
time horizon: 5
Benders cut: 1
FW sample paths: 5
total iterations: 41
total time elapsed: 31.8102 seconds.
lower bounds improvement: [2267.68, 2273.59, 2297.78, 2297.82, 2300.62, 2300.84, 2300.84, 2317.88, 2324.4, 2325.4,
2336.6, 2346.2, 2352.29, 2358.08, 2361.71, 2363.14, 2366.27, 2375.17, 2379.43, 2385.77,
2386.2, 2389.33, 2390.99, 2391.84, 2396.03, 2397.94, 2414.57, 2414.86, 2415.9, 2419.22,
2419.58, 2422.01, 2423.22, 2424.16, 2425.15, 2426.15, 2426.15, 2426.15, 2426.15, 2426.15,
2426.15]
upper bounds improvement: [2859.54, 2365.04, 2037.24, 1939.19, 2083.65, 2168.23, 2599.02, 2637.36, 2357.74, 2641.83,
2201.09, 2879.05, 2336.56, 2237.03, 2729.02, 1685.01, 2785.89, 3047.11, 2228.37, 3193.51,
2605.68, 2743.34, 2521.28, 2492.1, 2367.74, 2554.83, 2705.13, 2403.63, 2511.06, 2327.7,
2614.89, 2199.8, 2950.83, 2469.39, 2645.58, 2594.13, 2311.87, 2346.17, 2797.84, 2551.33,
2530.48]
left 95% CI for the upper bound: [2796.67, 1830.59, 1422.75, 1504.41, 1550.88, 1615.33, 2205.49, 2230.67, 1754.62, 2061.64,
1683.37, 2860.44, 1745.37, 1870.12, 2331.88, 1564.4, 2225.24, 2648.27, 1681.91, 2784.77,
2135.78, 2353.12, 2057.69, 2001.36, 1799.26, 2016.59, 2326.03, 1868.45, 2062.27, 1732.85,
2140.89, 1710.7, 2557.6, 1904.33, 2263.86, 2212.02, 1680.08, 1805.82, 2742.05, 2126.36,
2385.8]
right 95% CI for the upper bound: [2922.41, 2899.49, 2651.73, 2373.97, 2616.42, 2721.14, 2992.55, 3044.05, 2960.86, 3222.03,
2718.81, 2897.66, 2927.76, 2603.95, 3126.16, 1805.63, 3346.53, 3445.96, 2774.83, 3602.26,
3075.59, 3133.56, 2984.88, 2982.83, 2936.21, 3093.07, 3084.23, 2938.81, 2959.85, 2922.55,
3088.89, 2688.89, 3344.06, 3034.44, 3027.29, 2976.23, 2943.67, 2886.53, 2853.63, 2976.29,
2675.15]
==================================================
==================================================
time horizon: 5
Benders cut: 1
FW sample paths: 10
total iterations: 38
total time elapsed: 51.6588 seconds.
lower bounds improvement: [1395, 2152.34, 2256.14, 2261.38, 2261.56, 2261.56, 2277.4, 2278.66, 2285.18, 2303.79,
2308.48, 2330.84, 2334.87, 2337.59, 2347.37, 2351.89, 2361.29, 2365.41, 2365.83, 2371.12,
2371.87, 2373, 2375.76, 2388.07, 2392.44, 2395.68, 2407.28, 2414.2, 2414.44, 2417.8,
2420.2, 2423.83, 2426.15, 2426.15, 2426.15, 2426.15, 2426.15, 2426.15]
upper bounds improvement: [2349.83, 2916.09, 2876.33, 2723.43, 2362.51, 2471.3, 2267.43, 2610.75, 3376.77, 2460.7,
2301.44, 2945.06, 2560.98, 2273.02, 2499.5, 2733.94, 2862.45, 2566.2, 2654.08, 2623.02,
2591.76, 3188.53, 2315.53, 3383.82, 2623.28, 2487.04, 2593.79, 2507.22, 2471.34, 2127.22,
2635.5, 2476.64, 2357.36, 2198.8, 2501.05, 2810.21, 2473.87, 2494.4]
left 95% CI for the upper bound: [1987.02, 2876.67, 2516.17, 2280.67, 1997.78, 2108.67, 1921.89, 2320.01, 3001.48, 2147.75,
1915.96, 2676.7, 2243.65, 1856.57, 2155.26, 2386.15, 2550.7, 2227.89, 2384.07, 2334.18,
2253.82, 2867.97, 1966.77, 2922.21, 2333.13, 2159.37, 2286.68, 2105.93, 2096.69, 1749.84,
2313.92, 2164.6, 1989.43, 1788.19, 2158.73, 2789.46, 2111.39, 2346.92]
right 95% CI for the upper bound: [2712.65, 2955.51, 3236.48, 3166.19, 2727.24, 2833.92, 2612.97, 2901.49, 3752.06, 2773.66,
2686.93, 3213.43, 2878.31, 2689.47, 2843.73, 3081.73, 3174.21, 2904.52, 2924.09, 2911.86,
2929.7, 3509.1, 2664.29, 3845.43, 2913.43, 2814.71, 2900.9, 2908.52, 2846, 2504.61,
2957.07, 2788.68, 2725.29, 2609.41, 2843.36, 2830.96, 2836.35, 2641.88]
==================================================
==================================================
time horizon: 5
Benders cut: 1
FW sample paths: 20
total iterations: 32
total time elapsed: 66.5497 seconds.
lower bounds improvement: [2292.84, 2295.96, 2299.1, 2299.1, 2316.13, 2318.82, 2322.65, 2334.81, 2345.51, 2354.64,
2356.91, 2363.77, 2365.88, 2367.76, 2379.37, 2379.83, 2382.47, 2386.24, 2391.28, 2395.2,
2397.48, 2402.91, 2415.64, 2419.21, 2422.6, 2424.77, 2426.15, 2426.15, 2426.15, 2426.15,
2426.15, 2426.15]
upper bounds improvement: [2277.76, 2547.46, 2392.09, 2405.15, 2422.5, 2577.42, 2661.33, 2595.28, 2796.99, 2700.58,
2259.7, 2392.88, 2634.59, 3189.75, 2806.14, 3026.68, 2622.46, 2588.78, 2328.52, 2439.29,
2507.19, 2604.86, 2570.77, 2484.34, 2629.36, 2500.61, 2366.89, 2361.36, 2382.31, 2362.13,
2415.45, 2497.28]
left 95% CI for the upper bound: [1993.42, 2347.29, 2131.36, 2158.49, 2177.84, 2354.47, 2376.13, 2402.57, 2654.83, 2479.64,
2005.07, 2130.18, 2418.28, 2939.72, 2506.64, 2763.08, 2403.48, 2351.16, 2064.96, 2190.38,
2249.89, 2315.11, 2361.15, 2235.04, 2411.69, 2255.69, 2088.39, 2075.19, 2141.38, 2114.58,
2163.67, 2354.22]
right 95% CI for the upper bound: [2562.1, 2747.63, 2652.83, 2651.81, 2667.17, 2800.38, 2946.52, 2787.99, 2939.16, 2921.52,
2514.33, 2655.57, 2850.89, 3439.77, 3105.65, 3290.28, 2841.44, 2826.39, 2592.09, 2688.19,
2764.48, 2894.6, 2780.39, 2733.63, 2847.03, 2745.52, 2645.39, 2647.53, 2623.24, 2609.69,
2667.22, 2640.34]
==================================================
==================================================
time horizon: 5
Benders cut: 1
FW sample paths: 50
total iterations: 36
total time elapsed: 151.921 seconds.
lower bounds improvement: [2146.73, 2162.15, 2264.85, 2264.88, 2264.89, 2264.89, 2281.93, 2288.45, 2293.91, 2299.08,
2322.94, 2324.27, 2326.11, 2329.04, 2333.78, 2344.12, 2349.18, 2350.65, 2353.97, 2360.77,
2366.46, 2371.74, 2378.64, 2385.13, 2389.76, 2399.81, 2403.38, 2410.62, 2414.62, 2417.25,
2426.15, 2426.15, 2426.15, 2426.15, 2426.15, 2426.15]
upper bounds improvement: [2474.95, 2943.31, 2443.76, 2781.14, 2544.67, 2357.51, 2335.17, 2433.8, 2465.49, 2682.94,
2679.28, 2494.61, 2598.9, 3355.68, 2558.84, 2768.15, 3028.11, 2582.48, 2530.25, 2542.06,
2517.8, 2610.04, 3563.03, 2605.33, 2493.65, 2390.56, 2530.06, 2497.29, 2410.49, 2610.26,
2509.44, 2470.95, 2330.82, 2454.49, 2357.87, 2374.87]
left 95% CI for the upper bound: [2314.96, 2815.27, 2293.43, 2576.71, 2356.28, 2200.98, 2166.82, 2282.67, 2319.03, 2507.84,
2505.92, 2345.96, 2455.13, 3187.23, 2419.7, 2602.51, 2880.82, 2439.82, 2393.42, 2408.9,
2369.88, 2465.97, 3431.68, 2483.62, 2339.12, 2243.61, 2382.21, 2342.96, 2257.45, 2461.1,
2366.08, 2319.33, 2170.59, 2304.72, 2192.93, 2213.45]
right 95% CI for the upper bound: [2634.95, 3071.34, 2594.08, 2985.57, 2733.05, 2514.04, 2503.53, 2584.92, 2611.96, 2858.05,
2852.64, 2643.25, 2742.67, 3524.13, 2697.99, 2933.79, 3175.4, 2725.15, 2667.07, 2675.21,
2665.72, 2754.11, 3694.39, 2727.04, 2648.18, 2537.51, 2677.9, 2651.61, 2563.52, 2759.43,
2652.8, 2622.57, 2491.05, 2604.26, 2522.8, 2536.3]
==================================================
==================================================
time horizon: 5
Benders cut: 1
FW sample paths: 100
total iterations: 35
total time elapsed: 303.984 seconds.
lower bounds improvement: [2254.19, 2260.82, 2261.46, 2261.46, 2278.49, 2285.01, 2288.83, 2295.66, 2319.23, 2322.7,
2324.35, 2325.02, 2325.94, 2339.68, 2349.18, 2350.27, 2353.71, 2354.72, 2359.49, 2370.82,
2374.98, 2380.24, 2391.39, 2400.08, 2402.46, 2404.76, 2414.48, 2419.44, 2420.06, 2426.15,
2426.15, 2426.15, 2426.15, 2426.15, 2426.15]
upper bounds improvement: [2443.78, 2454.13, 2805.46, 2769.08, 2324.57, 2426.69, 2463.69, 2907.47, 2748.12, 2556.61,
3199.7, 2453.23, 2596.62, 2584.93, 3108.96, 2614.58, 2461.68, 2567.69, 2533.92, 2684.75,
2486.9, 2453.81, 2539.43, 2436.41, 2464.96, 2508.49, 2455.76, 2663.45, 2460.9, 2467.92,
2373.35, 2374.38, 2454.35, 2313, 2519.87]
left 95% CI for the upper bound: [2331.04, 2343.5, 2665.9, 2649.68, 2208.2, 2318.07, 2359.32, 2776.19, 2640.84, 2452.42,
3098.84, 2340.81, 2503.34, 2462.12, 3013.5, 2514.88, 2358.94, 2469.43, 2429.37, 2536.63,
2376.9, 2351.92, 2434.93, 2326.93, 2355.87, 2402.37, 2340.99, 2564.24, 2353.72, 2362.39,
2259.2, 2262.99, 2348.88, 2197.41, 2379.2]
right 95% CI for the upper bound: [2556.52, 2564.77, 2945.01, 2888.48, 2440.95, 2535.31, 2568.06, 3038.75, 2855.41, 2660.81,
3300.56, 2565.64, 2689.89, 2707.73, 3204.42, 2714.28, 2564.42, 2665.96, 2638.48, 2832.88,
2596.91, 2555.7, 2643.93, 2545.88, 2574.04, 2614.61, 2570.54, 2762.66, 2568.08, 2573.45,
2487.51, 2485.76, 2559.81, 2428.59, 2660.54]
==================================================
==================================================
