==================================================
==================================================
time horizon: 3
Benders cut: 1
FW sample path increment: 3
total iterations: 14
total time elapsed: 1.6618 seconds.
lower bounds improvement: [1670.5, 1973.95, 1974.87, 1974.87, 1991.9, 1998.42, 2007.02, 2021.98, 2035.98, 2048.55,
2048.55, 2048.55, 2048.55, 2048.55]
upper bounds improvement: [1871.38, 2590.33, 1994.8, 1889.81, 1928.37, 2021.9, 2237.92, 1871.38, 1970.71, 2708.37,
2245.68, 2209.45, 2046.85, 1849.72]
left 95% CI for the upper bound: [1626.87, 2427.78, 1677.14, 1470.32, 1581.77, 1761.53, 2111.83, 1626.87, 1688.42, 2652.07,
2148.06, 2103.21, 1667.96, 1553.73]
right 95% CI for the upper bound: [2115.9, 2752.89, 2312.47, 2309.3, 2274.97, 2282.28, 2364.02, 2115.9, 2253, 2764.66,
2343.31, 2315.69, 2425.74, 2145.7]
==================================================
==================================================
time horizon: 4
Benders cut: 1
FW sample path increment: 3
total iterations: 20
total time elapsed: 3.78059 seconds.
lower bounds improvement: [2063.37, 2908.66, 2975.5, 3036.97, 3064.83, 3064.83, 3081.87, 3088.39, 3111.94, 3168.09,
3212.61, 3222.97, 3242.68, 3244.78, 3246.28, 3251.52, 3251.52, 3251.52, 3251.52, 3251.52]
upper bounds improvement: [3187.62, 3892.12, 3498.6, 3320.95, 2975.34, 2914.75, 3249.81, 3242.58, 3599.94, 4241.93,
3216.51, 3091.29, 3420.78, 2914.83, 3293.46, 4850.55, 2917.03, 2942.71, 3334.6, 3124.12]
left 95% CI for the upper bound: [2683.63, 3187.67, 2896.81, 2612.36, 2754.92, 2752.49, 2774.73, 2574.05, 2953.72, 4125.96,
2692.02, 2975.32, 2775.74, 2759.66, 2878.39, 4678.39, 2712.4, 2744.34, 2811.99, 3090.76]
right 95% CI for the upper bound: [3691.61, 4596.56, 4100.39, 4029.54, 3195.76, 3077.02, 3724.88, 3911.11, 4246.17, 4357.9,
3741, 3207.27, 4065.82, 3069.99, 3708.53, 5022.71, 3121.66, 3141.09, 3857.21, 3157.48]
==================================================
==================================================
time horizon: 5
Benders cut: 1
FW sample path increment: 3
total iterations: 37
total time elapsed: 13.4385 seconds.
lower bounds improvement: [2878.1, 5850.81, 5851.79, 5851.79, 5868.82, 5872.43, 5875.78, 5893.87, 5899.43, 5905.17,
5909.21, 5910.87, 5911.62, 5913.43, 5914.24, 5917.21, 5917.59, 5925.46, 5926.44, 5931.45,
5932.57, 5936.08, 5939.64, 5942.21, 5953.08, 5953.71, 5960.2, 5968.15, 5968.47, 5971.2,
5971.83, 5978.03, 5979.5, 5979.5, 5979.5, 5979.5, 5979.5]
upper bounds improvement: [6175.08, 6729.48, 6013.78, 5961.28, 6032.75, 5823.82, 6028.6, 5927.67, 5968.97, 5978.93,
6012.95, 6939.8, 6098.47, 5770.06, 6197.66, 5923.73, 5964.19, 5811.19, 6047.13, 6684.88,
6147.19, 5936.34, 6046.98, 6264.82, 6185.45, 5964.21, 6134.83, 5971.28, 5937.45, 6051.63,
5992.42, 5973.12, 5991.42, 5879.18, 6121.73, 5771.62, 6147.27]
left 95% CI for the upper bound: [5936.02, 6295.52, 5882.79, 5738.43, 5775.27, 5665.3, 5836.17, 5889.83, 5920.62, 5809.3,
5720.52, 6681.15, 5941.39, 5748.38, 6181.53, 5761.61, 5904.27, 5643.11, 5711.28, 6012.11,
6006.08, 5752.87, 5715.02, 6094.34, 5989.98, 5803.84, 5842.91, 5839.08, 5644.66, 5829.61,
5843.18, 5942.17, 5803.51, 5817.45, 5901.89, 5615.44, 5909.88]
right 95% CI for the upper bound: [6414.15, 7163.45, 6144.77, 6184.14, 6290.22, 5982.33, 6221.03, 5965.52, 6017.32, 6148.56,
6305.37, 7198.45, 6255.56, 5791.73, 6213.79, 6085.85, 6024.1, 5979.27, 6382.97, 7357.65,
6288.3, 6119.81, 6378.95, 6435.29, 6380.91, 6124.57, 6426.74, 6103.48, 6230.24, 6273.65,
6141.67, 6004.06, 6179.32, 5940.9, 6341.57, 5927.8, 6384.66]
==================================================
==================================================
time horizon: 6
Benders cut: 1
FW sample path increment: 3
total iterations: 39
total time elapsed: 20.9603 seconds.
lower bounds improvement: [3414.41, 6981.65, 6994.41, 6998.53, 7001.9, 7001.9, 7018.97, 7025.49, 7062.57, 7098.21,
7102.63, 7102.26, 7104.43, 7107.78, 7116.26, 7118.64, 7132.74, 7134.76, 7135.31, 7143.8,
7144.47, 7147.56, 7158.14, 7159.27, 7161.92, 7163.93, 7166.91, 7175.91, 7179.12, 7183.42,
7191.79, 7192.78, 7194.67, 7196.7, 7197.96, 7197.96, 7197.96, 7197.96, 7197.96]
upper bounds improvement: [7924.95, 8452.99, 7478.07, 6891.43, 7759.92, 6941.4, 7767.13, 7197.84, 6805.94, 7912.92,
6611.78, 7315.11, 7324.37, 7298.9, 7154.33, 7209.47, 8913.84, 7400.91, 7788.49, 7939.98,
7434.16, 7549.84, 6472.76, 7879.38, 7112.3, 7666.37, 7470.99, 6806.14, 7456.84, 7912.85,
7921.59, 6468.73, 7704.16, 7222.97, 6117.88, 7509.01, 6879.72, 6840.18, 7793.25]
left 95% CI for the upper bound: [6932.63, 8415.84, 6719.02, 5824.53, 7574.74, 6011.28, 7494.65, 6049.75, 6576.91, 7036.33,
5910.3, 6733.43, 7032.08, 6675.91, 6455.83, 6239.85, 8240.07, 6189.09, 6501.93, 7722.13,
5724.92, 6849.93, 5207.99, 6312.14, 6532.75, 6352.54, 6128.89, 5962.85, 6630.16, 6809.54,
7176.97, 5575.64, 6542.14, 6486.73, 5905.21, 6879.99, 5793.69, 5637.14, 6673.11]
right 95% CI for the upper bound: [8917.26, 8490.13, 8237.12, 7958.34, 7945.11, 7871.52, 8039.62, 8345.93, 7034.97, 8789.51,
7313.26, 7896.8, 7616.66, 7921.88, 7852.82, 8179.09, 9587.6, 8612.73, 9075.05, 8157.82,
9143.41, 8249.76, 7737.53, 9446.62, 7691.85, 8980.19, 8813.09, 7649.43, 8283.52, 9016.16,
8666.2, 7361.81, 8866.17, 7959.21, 6330.55, 8138.03, 7965.75, 8043.22, 8913.4]
==================================================
==================================================
time horizon: 7
Benders cut: 1
FW sample path increment: 3
total iterations: 116
total time elapsed: 162.851 seconds.
lower bounds improvement: [4779.52, 8428.65, 9726.7, 9756.49, 9757.06, 9757.06, 9774.09, 9780.61, 9784.33, 9796.1,
9797.63, 9800.12, 9801.3, 9803.37, 9804.84, 9804.96, 9807.22, 9812.94, 9813.04, 9815.35,
9816.04, 9816.41, 9816.57, 9818.18, 9818.65, 9818.76, 9819.87, 9821.85, 9823.49, 9824.77,
9825.01, 9826.07, 9828.1, 9829.81, 9831.81, 9832.03, 9837.17, 9838.05, 9838.16, 9838.62,
9838.88, 9843.45, 9845.57, 9846.74, 9847, 9849.74, 9850.93, 9852.59, 9853.1, 9853.8,
9854.37, 9856.43, 9858.56, 9859.68, 9859.81, 9860.7, 9862.62, 9862.81, 9863.91, 9864.45,
9864.55, 9865.09, 9865.42, 9866.09, 9866.41, 9867.2, 9870.3, 9872.58, 9872.73, 9872.74,
9872.74, 9872.74, 9873.29, 9873.72, 9873.9, 9873.97, 9874.82, 9875.85, 9875.92, 9876.21,
9876.21, 9876.21, 9878.01, 9878.5, 9878.6, 9878.6, 9878.65, 9878.65, 9878.69, 9878.69,
9878.69, 9878.69, 9879.37, 9880.19, 9880.37, 9880.97, 9881.2, 9881.24, 9881.56, 9881.83,
9881.83, 9881.83, 9882.22, 9882.22, 9882.54, 9882.73, 9883.11, 9883.16, 9883.88, 9883.94,
9884.51, 9884.83, 9884.83, 9884.83, 9884.83, 9884.83]
upper bounds improvement: [10192.8, 10780.5, 10347, 9858.09, 10431.8, 9946.31, 9753.01, 9226.18, 9932.29, 10334.1,
9895, 10268.7, 10000.5, 9873.31, 9454.27, 10711.3, 9375.23, 10146.5, 10157.2, 10101.4,
10195.2, 9849.1, 10482.3, 9413.19, 10336.3, 10001.9, 8999.38, 9805.3, 10424.9, 9689.61,
8817.82, 10437.1, 10458.6, 8952.96, 9893.25, 10813.8, 9524.09, 9766.04, 9554.22, 9972.5,
9807.2, 10914.7, 10384.4, 10568.8, 9997.19, 9936.01, 9379.46, 10669.8, 9527.48, 9195.95,
10392.7, 10289.3, 10183.2, 9903.42, 10672.9, 9139.18, 10777.4, 10262.5, 10386, 10559.5,
9705.49, 10168, 10640.9, 10077.2, 9045.93, 10740.2, 9143.05, 9393.2, 10457, 9908.8,
9937.9, 9661.25, 10388.4, 10211.8, 10743.8, 9582.81, 9529.27, 10068.6, 9760.54, 10540.1,
10165.9, 10033.2, 9811.24, 9945.73, 10090.7, 10334.2, 9394.71, 10240.4, 9955.9, 9734,
9881.2, 10033.8, 10327.7, 10664.4, 10101.8, 9662.87, 10296.8, 10391, 10763.6, 9828.09,
8355.7, 10315.5, 9944.33, 9625.05, 9584.24, 10375.3, 10854.5, 10166.9, 10375.8, 10070,
10857.9, 10368, 9995.92, 9620.72, 9598.27, 9851.8]
left 95% CI for the upper bound: [9729.94, 10341.5, 9684.94, 8535.02, 9813.19, 9022.08, 8487.75, 8059.68, 8598.83, 9494.94,
8676.66, 9233.81, 8941.81, 8986.52, 7853.85, 10391, 8394.88, 8542.96, 9455.01, 9070.22,
9664.92, 8896.97, 9840.06, 8523.2, 10288.2, 8741.98, 8673.82, 8278.28, 10294.5, 8821.86,
8497.08, 9810.14, 9196.23, 8786.46, 8687.69, 9444.21, 8577.35, 8582.73, 8847.79, 9007.14,
9468.73, 10137.4, 9518.54, 10527.5, 8896.32, 8992.53, 7906.09, 10166.9, 8613.51, 8883.37,
9505.94, 9484.66, 9188.64, 8508.82, 10360.9, 8070.87, 10540.7, 9947.9, 9990.63, 10052,
8472.21, 8380.9, 9911.14, 9289.07, 7402.62, 10571.2, 7915.1, 7794.56, 10016.8, 8912.59,
8340.75, 8724.85, 9896.05, 9116.71, 10233.1, 8920.93, 7880.32, 9229.85, 8107.59, 10203.9,
8939.94, 8942.04, 8755.65, 8592.66, 8967.67, 10005, 8634.09, 9270.43, 8644.43, 8264.83,
8641.24, 8826.76, 9719.03, 10349.7, 8906.31, 8400.54, 9224.55, 9781.36, 10420.3, 8446.65,
7866.22, 9665.36, 8915.8, 8724.47, 8417.44, 10001.5, 10588, 9699.95, 10268.2, 9190.67,
10809, 10175.8, 8411.51, 9454.68, 8545.02, 8745.43]
right 95% CI for the upper bound: [10655.6, 11219.5, 11009.1, 11181.2, 11050.4, 10870.5, 11018.3, 10392.7, 11265.7, 11173.2,
11113.3, 11303.6, 11059.2, 10760.1, 11054.7, 11031.6, 10355.6, 11750, 10859.4, 11132.5,
10725.5, 10801.2, 11124.6, 10303.2, 10384.4, 11261.9, 9324.93, 11332.3, 10555.3, 10557.4,
9138.56, 11064.1, 11721, 9119.45, 11098.8, 12183.4, 10470.8, 10949.4, 10260.7, 10937.9,
10145.7, 11691.9, 11250.3, 10610, 11098.1, 10879.5, 10852.8, 11172.6, 10441.4, 9508.52,
11279.5, 11093.9, 11177.8, 11298, 10985, 10207.5, 11014.1, 10577.2, 10781.4, 11067,
10938.8, 11955, 11370.6, 10865.2, 10689.2, 10909.1, 10371, 10991.8, 10897.3, 10905,
11535.1, 10597.6, 10880.8, 11306.9, 11254.6, 10244.7, 11178.2, 10907.4, 11413.5, 10876.3,
11391.8, 11124.4, 10866.8, 11298.8, 11213.6, 10663.5, 10155.3, 11210.3, 11267.4, 11203.2,
11121.2, 11240.9, 10936.4, 10979.2, 11297.4, 10925.2, 11369.1, 11000.7, 11107, 11209.5,
8845.19, 10965.6, 10972.9, 10525.6, 10751, 10749, 11121, 10633.8, 10483.4, 10949.3,
10906.8, 10560.1, 11580.3, 9786.77, 10651.5, 10958.2]
==================================================
==================================================
time horizon: 8
Benders cut: 1
FW sample path increment: 3
total iterations: 140
total time elapsed: 323.298 seconds.
lower bounds improvement: [6370.24, 11104.6, 11694.4, 11705.9, 11705.9, 11723.7, 11730.2, 11758.8, 11775.9, 11777.5,
11782.8, 11788.9, 11790.1, 11789, 11791.9, 11796, 11796.8, 11797.3, 11798.4, 11800.5,
11802.9, 11807.2, 11807.2, 11810, 11810.4, 11810.9, 11811.9, 11813.3, 11813.4, 11815.2,
11815.7, 11816.7, 11818.1, 11820.6, 11820.9, 11822, 11822.4, 11823.4, 11824.5, 11824.6,
11825.4, 11826, 11827.5, 11828.1, 11828.5, 11829.2, 11832.3, 11833.4, 11834.5, 11835.3,
11836.3, 11836.9, 11837.6, 11839.5, 11840.1, 11840.5, 11840.5, 11842.6, 11843.2, 11843.2,
11843.4, 11843.8, 11843.8, 11844.5, 11845.2, 11845.8, 11846.3, 11846.8, 11847, 11847.5,
11847.6, 11848.3, 11848.7, 11849.3, 11849.3, 11849.4, 11849.4, 11849.4, 11849.9, 11850.4,
11851.6, 11852, 11852.2, 11852.5, 11852.5, 11852.8, 11853.2, 11853.2, 11853.5, 11853.7,
11853.9, 11854.1, 11854.1, 11854.6, 11854.9, 11854.9, 11854.9, 11855.3, 11855.6, 11855.6,
11856.2, 11856.2, 11856.2, 11856.2, 11856.3, 11856.3, 11856.3, 11856.9, 11856.9, 11857,
11857.3, 11857.5, 11857.6, 11858, 11858.2, 11858.2, 11858.3, 11858.6, 11859.2, 11859.2,
11859.3, 11859.3, 11859.4, 11859.5, 11859.7, 11859.9, 11860.6, 11860.7, 11860.7, 11860.7,
11860.8, 11861.2, 11861.2, 11861.3, 11861.3, 11861.3, 11861.3, 11861.3, 11861.3, 11861.3]
upper bounds improvement: [12030.1, 11781.6, 11827.4, 11731.4, 12346.5, 12142.1, 11671.5, 11952.3, 11965.4, 12125.9,
11732.3, 12081, 12143.2, 11768.5, 13161.2, 11875.6, 11894.2, 12144.6, 11228.3, 11914.9,
11746.5, 11580.6, 12516, 11585.5, 11744.6, 11361.4, 11918.4, 12372.6, 11943.7, 12098.8,
11857.5, 12195.7, 12367.1, 12355.1, 11466.3, 11693.3, 11843.5, 11898.6, 12271.4, 12252.7,
12701.6, 12861.3, 11890.7, 12115.8, 11566.3, 11573.4, 11660.7, 12326.2, 11245, 12274.9,
12328.1, 11267.5, 11963.5, 12235.1, 11922.6, 12581, 12637.6, 11817.6, 11911.3, 12201.9,
12202.4, 11994.1, 11576.9, 11679.7, 11568.3, 11587.2, 11898.6, 11690.8, 12118.7, 11403.6,
11805.5, 11940.2, 11260.5, 11347.8, 11885.2, 11196.7, 11847.7, 11915.9, 12205.4, 12543,
11141.7, 12201, 11808.4, 10335.7, 12006.3, 11677.5, 11726.3, 11538.4, 11821.4, 11717.9,
11818.7, 12009.6, 11809.1, 11763.6, 12125.5, 11641.1, 11426.6, 11290.7, 12348.7, 12510.6,
11788.5, 12231.3, 11863.6, 11778.9, 11395.5, 12361.1, 11772.9, 11621.6, 12321.3, 12161.2,
12147.6, 11937.4, 12299, 12305.3, 11886.2, 11544.5, 11352, 12270.6, 11478, 11630.5,
11740.1, 11902.5, 12450.7, 12244.5, 12019.3, 11840.3, 11797.2, 12221.6, 11997, 11585.1,
11384.6, 12319.7, 12350.8, 11954.9, 11554.7, 12014.3, 11982.7, 11685.5, 11780.3, 11152.4]
left 95% CI for the upper bound: [11776.9, 11105.8, 11509.3, 10694.9, 11809.7, 11223.1, 11250.5, 10368.2, 11103, 11846.5,
11005.3, 10907, 11778.7, 11200.5, 12544.4, 10871.6, 10702.1, 11151.5, 9803.06, 10834.7,
10668.7, 10832.9, 12130.5, 10887.9, 10629.8, 10491, 11378.6, 11710.3, 10948.3, 11774,
10600.3, 11295.5, 11884.4, 11707.8, 10410.8, 10980.6, 11414.5, 10823.1, 11628.3, 11998.8,
12023.6, 12532.4, 11154, 11143.2, 10987.5, 10523.1, 11117.1, 11895.6, 10700.2, 11783.5,
12050.5, 10946.1, 11205, 11733.6, 10654.5, 12340.8, 12093.7, 11099.3, 11656.2, 12031.2,
12167.4, 10651.3, 10164, 11590.8, 11447.6, 10648.1, 11687.4, 11362.7, 11506.3, 11215.3,
11175.4, 11048.1, 10056.9, 10425.7, 11108.7, 10129.3, 11063, 11640.8, 11987.1, 11635.7,
10550, 11672.7, 11086.7, 10269, 11351, 10794.8, 11480.7, 11189, 10871.1, 11088.2,
10944.7, 10562.7, 11278.1, 11095.2, 11568.5, 11585.9, 10748, 10231.6, 11490, 12138.4,
11324.1, 11587.1, 11077.1, 11223.3, 11209, 12140.9, 11133.1, 11252.4, 11978.6, 11342.9,
11633.1, 11013.4, 11551.9, 11758.6, 10802.7, 11143, 10964.1, 11949.8, 10676.9, 10950.2,
10675.7, 10950.8, 12011.8, 11652.6, 10977.3, 11424.6, 11461.4, 11512.2, 11647.9, 10806.8,
10532.9, 11505.8, 11730.3, 11082, 10970, 11828.3, 11300.8, 10967.9, 11697.7, 10062.3]
right 95% CI for the upper bound: [12283.4, 12457.4, 12145.6, 12767.8, 12883.3, 13061.1, 12092.5, 13536.4, 12827.7, 12405.3,
12459.2, 13255, 12507.7, 12336.5, 13778.1, 12879.5, 13086.2, 13137.7, 12653.6, 12995.1,
12824.2, 12328.3, 12901.5, 12283.1, 12859.5, 12231.8, 12458.2, 13034.8, 12939, 12423.6,
13114.6, 13096, 12849.9, 13002.3, 12521.8, 12405.9, 12272.5, 12974, 12914.5, 12506.6,
13379.7, 13190.2, 12627.4, 13088.5, 12145.2, 12623.7, 12204.3, 12756.9, 11789.8, 12766.4,
12605.8, 11588.9, 12721.9, 12736.6, 13190.7, 12821.1, 13181.5, 12535.8, 12166.4, 12372.7,
12237.5, 13336.9, 12989.7, 11768.7, 11689.1, 12526.4, 12109.7, 12019, 12731.2, 11591.8,
12435.5, 12832.4, 12464.1, 12269.9, 12661.7, 12264.1, 12632.4, 12191, 12423.7, 13450.3,
11733.4, 12729.3, 12530.2, 10402.3, 12661.5, 12560.2, 11972, 11887.9, 12771.7, 12347.6,
12692.7, 13456.5, 12340.2, 12432.1, 12682.5, 11696.3, 12105.1, 12349.9, 13207.5, 12882.7,
12252.9, 12875.5, 12650.2, 12334.4, 11582, 12581.4, 12412.8, 11990.8, 12664.1, 12979.5,
12662.2, 12861.3, 13046.1, 12852, 12969.7, 11946.1, 11740, 12591.3, 12279.1, 12310.9,
12804.5, 12854.2, 12889.6, 12836.5, 13061.3, 12256.1, 12133, 12931, 12346.1, 12363.4,
12236.3, 13133.6, 12971.3, 12827.8, 12139.3, 12200.3, 12664.5, 12403, 11862.8, 12242.5]
==================================================
==================================================
time horizon: 9
Benders cut: 1
FW sample path increment: 3
total iterations: 215
total time elapsed: 862.453 seconds.
lower bounds improvement: [5882.61, 11456.7, 12227.1, 12283.6, 12289.7, 12319.4, 12360.4, 12382, 12395.9, 12395.9,
12413, 12419.5, 12450.2, 12458.7, 12469.4, 12471.8, 12475.7, 12480.9, 12482.4, 12484.7,
12486.1, 12486.1, 12492.1, 12493, 12493, 12493.2, 12497.4, 12498, 12499.7, 12500.8,
12501.4, 12503.1, 12505.4, 12505.8, 12506.3, 12506.3, 12507.9, 12508.3, 12509.2, 12509.7,
12509.9, 12512, 12512.3, 12515.1, 12516.4, 12517.1, 12518.6, 12519.2, 12519.6, 12520.5,
12521.6, 12522.8, 12525.6, 12526.4, 12527.1, 12528.1, 12528.5, 12530.1, 12530.1, 12531.5,
12531.7, 12532.3, 12532.9, 12533.3, 12533.6, 12534.8, 12535.4, 12536.4, 12537.3, 12538.1,
12538.3, 12540, 12540.8, 12541, 12541.4, 12541.5, 12541.6, 12542.1, 12542.3, 12544.2,
12544.7, 12545.2, 12545.9, 12546.3, 12546.6, 12546.9, 12547.3, 12548, 12548.7, 12548.8,
12548.8, 12549.1, 12549.9, 12550.4, 12550.9, 12552.1, 12552.3, 12552.5, 12553, 12553.1,
12553.3, 12553.6, 12554, 12554.5, 12554.9, 12555, 12555.4, 12555.5, 12555.9, 12556.4,
12556.5, 12556.7, 12557, 12557.2, 12557.3, 12557.3, 12557.6, 12557.8, 12558, 12558.5,
12558.5, 12558.5, 12558.7, 12558.8, 12558.9, 12558.9, 12559, 12559.1, 12559.3, 12559.3,
12559.6, 12559.6, 12559.9, 12559.9, 12560.2, 12560.2, 12560.5, 12560.8, 12560.9, 12561,
12561.1, 12561.2, 12561.5, 12561.5, 12561.5, 12561.5, 12561.8, 12561.9, 12562, 12562.1,
12562.2, 12562.2, 12562.4, 12563, 12563, 12563.1, 12563.1, 12563.2, 12563.3, 12563.4,
12563.5, 12563.5, 12563.5, 12563.6, 12564, 12564.2, 12564.2, 12564.3, 12564.3, 12564.4,
12564.6, 12564.8, 12564.8, 12564.9, 12565, 12565.3, 12565.3, 12565.3, 12565.3, 12565.4,
12565.4, 12565.4, 12565.4, 12565.6, 12565.6, 12565.7, 12565.7, 12565.8, 12566, 12566,
12566.2, 12566.2, 12566.3, 12566.3, 12566.4, 12566.6, 12566.8, 12566.9, 12567, 12567.1,
12567.1, 12567.2, 12567.2, 12567.3, 12567.3, 12567.4, 12567.4, 12567.6, 12568, 12568.1,
12568.1, 12568.1, 12568.1, 12568.1, 12568.1]
upper bounds improvement: [13374.9, 13251.3, 12996.9, 12092.1, 13049.4, 12628.5, 12129.6, 13267.6, 13079.6, 12085.3,
14017.5, 12507.3, 12520.8, 12756, 12530.9, 13317.6, 13807.5, 12614.6, 12494.5, 13633.8,
12711.7, 13483.2, 12586.3, 13311.3, 11798.9, 12878, 13108.2, 13184.6, 12232.1, 13567.6,
11940.9, 13003.8, 12445.6, 12130.7, 12161.8, 12724.2, 13059.6, 14055.8, 11327.9, 12261.2,
12211, 12869.8, 11690.7, 12543.3, 11591.2, 13712.9, 12804.1, 12562.4, 13067.9, 11516.6,
12350.6, 12847.8, 12577.8, 12305.2, 12968.2, 12633, 12600.3, 11839.9, 13023.7, 12498.8,
12626, 12617.9, 12819.1, 13423.4, 12704.6, 13641, 12580.1, 12669.4, 12203.2, 11882.8,
12578.6, 12899.5, 14000.3, 12221.7, 11502.1, 12815, 13318, 14515.3, 12745.5, 12255,
11498.5, 13230.9, 13483.5, 12480.9, 13326.9, 13148.8, 13174.1, 11533.1, 13770.1, 11963.2,
11695.1, 12252.7, 13054.7, 12260.2, 10973.4, 12080.8, 12141, 11605, 12976.7, 12665.1,
13366.9, 12963.5, 13224.9, 13013.8, 12605.8, 13127.6, 12917.5, 11903.5, 12116.8, 12456.4,
12466.1, 12243.2, 12737.1, 11959, 13881.4, 12465.2, 12926.4, 13136.7, 12165.1, 12445.1,
12976.2, 12008.8, 11465, 11911.5, 13848.2, 11967.6, 12019.7, 13413.1, 11926.2, 12383.9,
12586.7, 12657.6, 12326.5, 11578.1, 13319.8, 12520.8, 13255.6, 12817.3, 13034.5, 12557.4,
12461.7, 13513.5, 11320.8, 12858, 11700.7, 12862.1, 12045.1, 12386.4, 13124.2, 13110.7,
12690.7, 12283.2, 12522.2, 12985.1, 13109.2, 11809, 12919.3, 13098.9, 14166.7, 12518.2,
12635.3, 13324, 12165.7, 12978.9, 12581.8, 12381.9, 12678.7, 13289, 13035.5, 12538.2,
12470.1, 13281.3, 11920.3, 12370.3, 11969.6, 12171.4, 13130.2, 13368.4, 11134.8, 12562.9,
12772.2, 12112.7, 12964.1, 13037.9, 12863.5, 13828.7, 12225.3, 12698.1, 11604.9, 12177.9,
11873.4, 11611.6, 12403, 12887.1, 13639.6, 12409.2, 12852.5, 13077.5, 12977.2, 12321.2,
12418.1, 12037.2, 12768.4, 12687.7, 11312.6, 13132, 12984.5, 12916.5, 12159.1, 12409.6,
12225.8, 13284.8, 13266.9, 11789.3, 12267.2]
left 95% CI for the upper bound: [11342.8, 11720.4, 12248.4, 11036.9, 12316.4, 11741.3, 11068.8, 11988.3, 12237.6, 10198.8,
13090.9, 11536.9, 11815.3, 10729.8, 11594.8, 12254.8, 13079, 12427.5, 11097.9, 12217.1,
11760.2, 13158.6, 12195.5, 12790.7, 10964.3, 11840.2, 11320.5, 12725.5, 10161.4, 12489.2,
10570.4, 11872, 10145.6, 10123.8, 9877.55, 12133.2, 11948.3, 13897.1, 10332.7, 9644.12,
10830.7, 11370.8, 9946.59, 11168.7, 11091.4, 12431.7, 11639.8, 10757.4, 10657.5, 9905.67,
12158.7, 11874.6, 11679.2, 11081.4, 11830.8, 11871.1, 10808.6, 11143, 11599.7, 12016.5,
11451.2, 10968, 12082.6, 12643, 11169, 12048.5, 11587.9, 11540.8, 10805.5, 10836,
10307.5, 12015.9, 13578.5, 9987.23, 10454, 11616.5, 11720.2, 12668.5, 12095.2, 10833.4,
10553.2, 12061.3, 13138.3, 10735, 12879.6, 11745.7, 10882.5, 10874.6, 12552.8, 10884.4,
9696.34, 11392.1, 11220.7, 10702.3, 10202.7, 11739, 11475.6, 9779.06, 12073.8, 12076.1,
11921.2, 12178.5, 12516.9, 12202.4, 10864.4, 12406.3, 12110.2, 9934.59, 10883.9, 10711.4,
10210.1, 10458.1, 10718.4, 11811.3, 13110.2, 11165.1, 11687.7, 13040.8, 10363, 11728.3,
11255.8, 9936.33, 10498.6, 11135.4, 13562.2, 11658.3, 11166, 12167.1, 10092.9, 10453.7,
10210.2, 10941.3, 10719.1, 10423.7, 12747.1, 11426.2, 11362.8, 11741.8, 12298.5, 11643.2,
10416.8, 13035.9, 9409.1, 11705.5, 9529.47, 11113, 10227.5, 10161.9, 11959.5, 12408.2,
11628.7, 10086.6, 10761.2, 12085.8, 12568.9, 9898.52, 11134.1, 11698.5, 13512.2, 11540.5,
11887, 11901.8, 10815.1, 11108.3, 11781.3, 11426.3, 10541.3, 12199.4, 12055.5, 10534.9,
11634.4, 12546.5, 11104, 11047.2, 11226.4, 11646.3, 12334.9, 12654.7, 10886, 11468.3,
11625.7, 11053.8, 11324.7, 12512.9, 12186.5, 13635.9, 10999.7, 10499.8, 10452.8, 11864.4,
10345.5, 9868.48, 10582.2, 12446.9, 13285.7, 11729.6, 11679.2, 10828.1, 12429.4, 11256.7,
10564.1, 11750.8, 11517.9, 11703.7, 10035.6, 12942.8, 11891.1, 11866.2, 11802, 11319.6,
10734.8, 10694.2, 12318.6, 9921.36, 11097.6]
right 95% CI for the upper bound: [15407.1, 14782.3, 13745.4, 13147.3, 13782.5, 13515.7, 13190.5, 14547, 13921.5, 13971.7,
14944.1, 13477.7, 13226.3, 14782.2, 13466.9, 14380.3, 14536, 12801.6, 13891, 15050.5,
13663.1, 13807.8, 12977, 13831.9, 12633.4, 13915.8, 14895.9, 13643.8, 14302.9, 14645.9,
13311.5, 14135.6, 14745.5, 14137.5, 14446.1, 13315.2, 14170.9, 14214.5, 12323.2, 14878.2,
13591.3, 14368.9, 13434.8, 13917.8, 12091.1, 14994.1, 13968.4, 14367.4, 15478.3, 13127.6,
12542.5, 13821, 13476.4, 13529, 14105.6, 13395, 14392.1, 12536.7, 14447.7, 12981.1,
13800.8, 14267.7, 13555.7, 14203.7, 14240.3, 15233.6, 13572.3, 13798, 13600.9, 12929.5,
14849.7, 13783.1, 14422.2, 14456.1, 12550.2, 14013.5, 14915.8, 16362.2, 13395.8, 13676.6,
12443.8, 14400.4, 13828.7, 14226.7, 13774.3, 14551.9, 15465.6, 12191.6, 14987.4, 13042,
13693.9, 13113.3, 14888.7, 13818, 11744, 12422.6, 12806.5, 13431, 13879.5, 13254,
14812.6, 13748.5, 13933, 13825.1, 14347.3, 13848.8, 13724.9, 13872.5, 13349.7, 14201.4,
14722.1, 14028.2, 14755.7, 12106.7, 14652.6, 13765.3, 14165, 13232.6, 13967.2, 13162,
14696.6, 14081.3, 12431.4, 12687.7, 14134.2, 12277, 12873.3, 14659, 13759.4, 14314,
14963.2, 14373.8, 13933.8, 12732.4, 13892.6, 13615.4, 15148.5, 13892.8, 13770.5, 13471.6,
14506.6, 13991.1, 13232.4, 14010.5, 13871.8, 14611.2, 13862.7, 14611, 14289, 13813.2,
13752.6, 14479.9, 14283.2, 13884.3, 13649.4, 13719.6, 14704.5, 14499.3, 14821.2, 13495.9,
13383.6, 14746.2, 13516.3, 14849.5, 13382.2, 13337.6, 14816.2, 14378.7, 14015.6, 14541.6,
13305.7, 14016.1, 12736.7, 13693.4, 12712.8, 12696.5, 13925.5, 14082.1, 11383.6, 13657.5,
13918.6, 13171.5, 14603.4, 13562.9, 13540.5, 14021.5, 13451, 14896.4, 12757.1, 12491.4,
13401.3, 13354.7, 14223.9, 13327.3, 13993.4, 13088.8, 14025.8, 15326.9, 13525.1, 13385.8,
14272, 12323.6, 14018.9, 13671.7, 12589.6, 13321.3, 14078, 13966.8, 12516.3, 13499.7,
13716.7, 15875.4, 14215.2, 13657.2, 13436.9]
==================================================
==================================================
time horizon: 9
Benders cut: 1
FW sample path increment: 50
total iterations: 54
total time elapsed: 1339.35 seconds.
lower bounds improvement: [7541.51, 12360.8, 12382.9, 12395.4, 12395.4, 12412.6, 12419.1, 12447.5, 12458.6, 12471.8,
12475.1, 12479.5, 12490.3, 12492.3, 12496.8, 12503.4, 12506.3, 12507.3, 12507.9, 12511.4,
12517.2, 12518.6, 12519.6, 12520, 12520.4, 12522.2, 12526.7, 12531.5, 12533.8, 12537.2,
12541.6, 12544.7, 12545.6, 12546.6, 12549.5, 12550.2, 12552, 12555.6, 12557.1, 12560.5,
12562.2, 12564.3, 12565.4, 12565.8, 12566, 12567.2, 12568.1, 12568.2, 12568.2, 12568.2,
12568.2, 12568.2, 12568.2, 12568.2]
upper bounds improvement: [13554.4, 12784.5, 12858.4, 12377.3, 12744.8, 12407.7, 12621.9, 12632.6, 12450.1, 12684.5,
13719, 12664.7, 12721.7, 12902.5, 12477.7, 12882.4, 12711.9, 12496.4, 12600.4, 12530.5,
12693.8, 12897, 12746.1, 13010, 12702.3, 12828.1, 12693.6, 14354.4, 12701.7, 12686.6,
12709.3, 14372.2, 12853.6, 12687.9, 12892.4, 12914.6, 12619.2, 12671.5, 12697.4, 12597.8,
12550.3, 12555.5, 12765.4, 12511.5, 12676, 12659.5, 12703.5, 12525.8, 12596.3, 12755.2,
12538.8, 12290.1, 12165.3, 12890.3]
left 95% CI for the upper bound: [13183.4, 12519.8, 12588.7, 12074.4, 12431.8, 12111.4, 12311.1, 12292.4, 12157.3, 12351.7,
13411, 12307.6, 12440.9, 12667.6, 12163.2, 12622.3, 12422.6, 12236.5, 12274.6, 12218.4,
12415.3, 12559.2, 12477.1, 12703.5, 12415.7, 12574.6, 12418.3, 14030.6, 12417.6, 12365.9,
12355, 14037.5, 12536.2, 12369.7, 12580.4, 12621.5, 12330.6, 12348.1, 12406.4, 12295.4,
12212.9, 12274.4, 12470.3, 12217.8, 12377.1, 12363.2, 12379, 12228.8, 12297.5, 12397.9,
12225.7, 11909.1, 11855, 12569.4]
right 95% CI for the upper bound: [13925.4, 13049.2, 13128.1, 12680.2, 13057.7, 12704, 12932.8, 12972.7, 12742.9, 13017.3,
14027, 13021.8, 13002.5, 13137.4, 12792.1, 13142.6, 13001.2, 12756.4, 12926.2, 12842.7,
12972.3, 13234.9, 13015.1, 13316.4, 12988.9, 13081.7, 12968.9, 14678.2, 12985.9, 13007.3,
13063.5, 14706.9, 13170.9, 13006.2, 13204.4, 13207.7, 12907.8, 12994.9, 12988.5, 12900.1,
12887.7, 12836.5, 13060.4, 12805.1, 12974.8, 12955.8, 13028, 12822.9, 12895, 13112.5,
12852, 12671.1, 12475.6, 13211.2
]
