Time horizon: 3; Benders' cut: 1; Improved Benders' cut: 0
1, 952.066, 22, 948.487, 958.343, , , 38.3082
2, 952.066, 22, 950.7, 960.638, , , 43.4823
3, 952.066, 22, 945.972, 955.741, , , 42.9342
5, 952.066, 22, 949.581, 959.471, , , 44.0492
10, 952.066, 22, 950.196, 960.119, , , 45.9116
20, 952.066, 22, 945.736, 955.5, , , 49.555
50, 952.066, 22, 948.374, 958.255, , , 60.8841
Time horizon: 4; Benders' cut: 1; Improved Benders' cut: 0
1, 1880.23, 39, 1865.22, 1892.47, , , 87.4014
2, 1880.23, 27, 1855.36, 1883.16, , , 105.75
3, 1880.23, 22, 1864.48, 1891.77, , , 106.852
5, 1880.23, 24, 1866.9, 1894.22, , , 122.757
10, 1880.23, 23, 1853.39, 1881.24, , , 155.904
20, 1880.23, 23, 1867.29, 1894.55, , , 179.719
50, 1880.23, 23, 1855.92, 1883.61, , , 200.993
Time horizon: 5; Benders' cut: 1; Improved Benders' cut: 0
1, 2604.16, 93, 2590.1, 2646.26, , , 319.336
2, 2604.16, 66, 2588.61, 2644.45, , , 351.292
3, 2604.16, 57, 2575.51, 2630.34, , , 340.751
5, 2604.16, 51, 2581.04, 2637.8, , , 414.516
10, 2604.16, 53, 2583.69, 2639.2, , , 504.067
20, 2604.16, 52, 2576.99, 2632.28, , , 655.551
50, 2604.16, 50, 2580.27, 2635.52, , , 880.288
Time horizon: 6; Benders' cut: 1; Improved Benders' cut: 0
1, 2799.4, 142, 2774.22, 2809.93, , , 525.612
2, 2799.4, 88, 2786.95, 2822.9, , , 552.822
3, 2799.4, 81, 2772.81, 2808.32, , , 665.24
5, 2799.4, 70, 2781.69, 2817.18, , , 654.477
10, 2799.4, 67, 2774.56, 2810.35, , , 880.053
20, 2799.4, 65, 2770.71, 2806.8, , , 1345.61
50, 2799.4, 62, 2778.46, 2813.49, , , 1769.69
Time horizon: 7; Benders' cut: 1; Improved Benders' cut: 0
1, 3605.77, 161, 3569.99, 3609.54, , , 677.069
2, 3605.77, 111, 3578.51, 3617.96, , , 775.848
3, 3605.77, 108, 3583.04, 3623.27, , , 934.216
5, 3605.77, 101, 3577.44, 3617.02, , , 1061.72
10, 3605.77, 97, 3588.62, 3628.02, , , 1379.48
20, 3605.77, 91, 3581.03, 3620.66, , , 1824.34
50, 3605.77, 94, 3598.41, 3638.27, , , 2981.19
Time horizon: 8; Benders' cut: 1; Improved Benders' cut: 0
1, 4854.81, 483, 4800.3, 4876.33, , , 3728.37
2, 4855.01, 229, 4804.6, 4880.45, , , 2883.19
3, 4854.97, 195, 4913.1, 4988.73, , , 2488.61
5, 4855.03, 134, 4812.36, 4887.44, , , 2744.61
10, 4855.04, 112, 4840.34, 4914.63, , , 2993.56
20, 4855.04, 102, 4839.15, 4912.88, , , 4094.32
50, 4855.04, 98, 4807.07, 4882.33, , , 6592.71
Time horizon: 9; Benders' cut: 1; Improved Benders' cut: 0
1, 5225.63, 681, 5544.54, 5606.86, , , 6985.61
2, 5234.94, 488, 5208.76, 5276.63, , , 9600.38
3, 5234.94, 367, 5202.57, 5269.61, , , 9136.73
5, 5234.99, 303, 5192.08, 5260.25, , , 10606.3
10, 5234.94, 212, 5196.41, 5265.32, , , 9798.44
20, 5234.94, 196, 5197.4, 5265.06, , , 13674.9
50, 5234.94, 189, 5206.07, 5273.15, , , 24329.4
Time horizon: 10; Benders' cut: 1; Improved Benders' cut: 0
1, 6701.07, 405, 6699.85, 6874.71, , , 4275.13
2, 6701.07, 256, 6578.1, 6757.12, , , 3363.06
3, 6701.03, 201, 7111.98, 7292.17, , , 3165.79
5, 6701.07, 183, 6617.51, 6799.47, , , 5108.38
10, 6701.07, 146, 6570.94, 6752.94, , , 5907.29
20, 6701.07, 145, 6696.95, 6874.27, , , 8993.82
50, 6701.09, 139, 6660.03, 6840.06, , , 16237.6
Time horizon: 3; Benders' cut: 1; Improved Benders' cut: 1
1, 952.066, 14, 944.542, 954.255, , , 27.2935
2, 952.066, 14, 946.033, 955.808, , , 25.6153
3, 952.066, 14, 944.895, 954.608, , , 25.8193
5, 952.066, 14, 951.981, 961.962, , , 26.3113
10, 952.066, 14, 950.263, 960.176, , , 27.1138
20, 952.066, 14, 951.079, 961.024, , , 28.9517
50, 952.066, 14, 946.908, 956.71, , , 37.2822
Time horizon: 4; Benders' cut: 1; Improved Benders' cut: 1
1, 1880.23, 20, 1857.31, 1884.91, , , 69.3424
2, 1880.23, 16, 1867.41, 1894.79, , , 74.8144
3, 1880.23, 16, 1864.72, 1891.93, , , 73.1226
5, 1880.23, 14, 1857.59, 1885.13, , , 77.8569
10, 1880.23, 14, 1866.33, 1893.6, , , 93.6785
20, 1880.23, 14, 1876.46, 1903.39, , , 100.751
50, 1880.23, 14, 1861.34, 1888.89, , , 138.319
Time horizon: 5; Benders' cut: 1; Improved Benders' cut: 1
1, 2604.16, 44, 2578.73, 2634.12, , , 190.6
2, 2604.16, 27, 2557.93, 2611.95, , , 143.351
3, 2604.16, 19, 2560.91, 2616.13, , , 150.936
5, 2604.16, 20, 2566.61, 2622.61, , , 154.761
10, 2604.16, 15, 2581.23, 2636.23, , , 183.859
20, 2604.16, 14, 2562.12, 2617.31, , , 189.634
50, 2604.16, 15, 2594.03, 2650.19, , , 309.681
Time horizon: 6; Benders' cut: 1; Improved Benders' cut: 1
1, 2799.4, 88, 2779.87, 2814.89, , , 433.487
2, 2799.4, 59, 2787.12, 2821.91, , , 319.655
3, 2799.4, 40, 2777.29, 2813.29, , , 300.46
5, 2799.4, 32, 2782.27, 2818.1, , , 348.332
10, 2799.4, 25, 2771.99, 2808, , , 378.431
20, 2799.4, 22, 2775.39, 2811.5, , , 479.172
50, 2799.4, 20, 2783.99, 2818.73, , , 553.815
Time horizon: 7; Benders' cut: 1; Improved Benders' cut: 1
1, 3605.77, 45, 3599.44, 3639.73, , , 204.783
2, 3605.77, 36, 3589.52, 3629.6, , , 211.343
3, 3605.77, 30, 3588.77, 3628.72, , , 235.99
5, 3605.77, 25, 3585.2, 3624.67, , , 246.357
10, 3605.77, 27, 3594.13, 3633.99, , , 334.462
20, 3605.77, 25, 3591.58, 3631.5, , , 375.65
50, 3605.77, 23, 3590.48, 3630.14, , , 471.452
Time horizon: 8; Benders' cut: 1; Improved Benders' cut: 1
1, 4855.04, 73, 4824.19, 4899.21, , , 369.858
2, 4855.04, 43, 4836.46, 4910.56, , , 391.928
3, 4855.04, 30, 4824.23, 4899.38, , , 364.206
5, 4855.04, 33, 4794.01, 4869.93, , , 511.001
10, 4855.04, 23, 4787.48, 4863.99, , , 459.399
20, 4855.04, 22, 4838.6, 4913.06, , , 505.295
50, 4855.04, 20, 4809.41, 4884.98, , , 632.211
Time horizon: 9; Benders' cut: 1; Improved Benders' cut: 1
1, 5234.94, 88, 5182.98, 5251.06, , , 599.746
2, 5234.94, 62, 5207.47, 5275.28, , , 664.131
3, 5234.94, 40, 5192.67, 5260.11, , , 527.476
5, 5234.95, 34, 5215.46, 5283.45, , , 611.018
10, 5234.94, 30, 5243.82, 5307.01, , , 695.949
20, 5234.94, 27, 5224.84, 5291.32, , , 771.845
50, 5234.94, 25, 5209.77, 5276.37, , , 1092.32
Time horizon: 10; Benders' cut: 1; Improved Benders' cut: 1
1, 6700.84, 79, 6656.88, 6836.48, , , 466.839
2, 6701.07, 53, 6617.35, 6799.41, , , 642.835
3, 6701.07, 44, 6535.73, 6719.36, , , 568.151
5, 6701.07, 35, 6587.61, 6768.43, , , 624.893
10, 6701.13, 31, 6583.99, 6763.01, , , 760.213
20, 6701.14, 25, 6622.79, 6803.93, , , 814.382
50, 6701.07, 27, 6677.65, 6860.57, , , 1238.63