==================================================
==================================================
time horizon: 8
Benders cut: 1
Improved Benders cut: 0
FW sample paths: 1
total iterations: 396
total time elapsed: 1286.76 seconds.
lower bounds improvement: [613.588, 2158.95, 3437.37, 3466.68, 4574.47, 4618.73, 4643.01, 4645.55, 4685.05, 4685.51,
4693.8, 4695.07, 4696.67, 4699.25, 4699.25, 4701.97, 4703.07, 4704.31, 4709.4, 4710.51,
4712.39, 4714.69, 4714.87, 4714.99, 4715.95, 4716.14, 4716.37, 4717.11, 4717.55, 4718.15,
4722.15, 4722.65, 4723.18, 4723.62, 4724.26, 4724.52, 4725.11, 4725.76, 4726.32, 4726.5,
4727.1, 4729.12, 4730.22, 4730.23, 4730.85, 4731.33, 4731.6, 4732.27, 4733.58, 4733.75,
4734.78, 4734.92, 4735.07, 4735.71, 4735.26, 4736.27, 4737.03, 4737.35, 4737.62, 4738.59,
4739, 4740.94, 4741.22, 4741.28, 4741.54, 4742.02, 4742.16, 4742.75, 4743.21, 4743.52,
4743.55, 4745.45, 4746.32, 4746.71, 4747.44, 4747.69, 4748.3, 4748.41, 4749, 4749.04,
4749.08, 4749.38, 4749.63, 4750.42, 4750.48, 4751.82, 4752.05, 4752.21, 4752.71, 4753.09,
4753.22, 4753.46, 4754.25, 4754.37, 4755.09, 4755.38, 4755.81, 4756.27, 4756.67, 4756.73,
4757.98, 4758.15, 4758.37, 4759.16, 4761.5, 4762.29, 4762.31, 4763.03, 4763.16, 4765.39,
4765.82, 4766.36, 4767.97, 4768.41, 4768.43, 4768.49, 4770.37, 4770.64, 4771.95, 4772.46,
4772.51, 4772.86, 4773.14, 4773.2, 4775.06, 4775.33, 4775.39, 4775.89, 4776.97, 4777.27,
4777.36, 4778.09, 4778.13, 4780.61, 4781.05, 4781.42, 4781.45, 4781.71, 4782.73, 4782.96,
4783.09, 4783.4, 4783.78, 4784.01, 4784.42, 4784.96, 4785.04, 4785.17, 4785.96, 4786.21,
4786.45, 4786.46, 4786.65, 4787.72, 4787.89, 4788.32, 4788.58, 4789.49, 4790.06, 4790.24,
4790.72, 4790.91, 4791.03, 4791.56, 4793.82, 4794.19, 4795.54, 4795.54, 4796.64, 4796.66,
4796.7, 4796.93, 4798.47, 4798.67, 4798.93, 4798.93, 4800.2, 4800.47, 4801.95, 4801.96,
4802, 4802.22, 4802.23, 4802.5, 4802.83, 4803.02, 4803.45, 4803.55, 4804.78, 4805.28,
4805.62, 4805.71, 4806.49, 4806.52, 4806.59, 4806.63, 4806.71, 4806.97, 4807.27, 4808.65,
4809.13, 4809.57, 4810.82, 4811.01, 4811.02, 4811.43, 4811.48, 4811.54, 4811.92, 4811.94,
4811.99, 4813.4, 4814.14, 4814.28, 4814.76, 4815.1, 4816.16, 4816.29, 4817.75, 4818.56,
4819, 4819.24, 4820.13, 4820.81, 4821.39, 4821.46, 4821.73, 4821.75, 4821.89, 4822.45,
4823.16, 4823.49, 4823.64, 4823.8, 4824.01, 4824.4, 4824.47, 4824.55, 4825.98, 4826.13,
4827.22, 4827.9, 4828.62, 4829.62, 4829.62, 4829.96, 4830.08, 4830.09, 4830.63, 4830.63,
4830.7, 4831.33, 4831.7, 4831.84, 4831.87, 4831.92, 4831.92, 4831.97, 4831.98, 4832.84,
4832.96, 4833.01, 4833.38, 4834.63, 4834.73, 4834.73, 4834.79, 4835.1, 4835.15, 4835.31,
4836.17, 4836.35, 4836.39, 4836.39, 4837, 4837.16, 4837.55, 4838.2, 4838.24, 4838.58,
4839.12, 4839.27, 4839.3, 4839.49, 4839.63, 4839.84, 4840.57, 4840.83, 4841.21, 4841.81,
4842.05, 4842.39, 4842.44, 4843.05, 4843.31, 4843.38, 4843.39, 4843.39, 4843.4, 4843.47,
4843.49, 4843.49, 4843.53, 4843.57, 4843.87, 4844.09, 4844.13, 4844.53, 4844.6, 4844.67,
4845.1, 4845.55, 4845.58, 4845.72, 4845.72, 4845.84, 4845.99, 4846.14, 4846.5, 4846.65,
4846.69, 4847.19, 4847.22, 4847.23, 4847.28, 4847.54, 4847.86, 4847.99, 4848.45, 4848.02,
4848.74, 4848.74, 4848.75, 4848.75, 4848.8, 4849.3, 4849.45, 4850.03, 4850.32, 4850.58,
4850.74, 4850.8, 4851.42, 4851.42, 4851.43, 4851.47, 4851.76, 4851.84, 4852.08, 4852.11,
4852.16, 4852.33, 4852.44, 4852.45, 4852.52, 4852.56, 4852.57, 4852.71, 4852.75, 4852.78,
4852.81, 4852.92, 4853.05, 4853.08, 4853.32, 4853.49, 4853.5, 4853.5, 4853.52, 4853.53,
4853.58, 4853.74, 4853.75, 4853.76, 4853.79, 4853.8, 4853.86, 4854.21, 4854.21, 4854.21,
4854.23, 4854.23, 4854.26, 4854.29, 4854.29, 4854.29, 4854.29, 4854.29, 4854.54, 4854.73,
4854.94, 4855.04, 4855.04, 4855.04, 4855.04, 4855.04]
upper bounds improvement: [5530.03, 4071.8, 5436.43, 4576.06, 4454.94, 5390.15, 5529.71, 5468.89, 5271.64, 5294.56,
5217.2, 3864.53, 5437.3, 5502.49, 3842.06, 5447.83, 5120.42, 5488.15, 5463.01, 4260.23,
5403.37, 3833.02, 6033.16, 3908.99, 5462.02, 5370.15, 4024.82, 4016.64, 5480.73, 3684.79,
5484.8, 4061.46, 3768.37, 3915.23, 5490.85, 5549.32, 5402.12, 5451.42, 5493.69, 3823.96,
5429.58, 5303.5, 5459.11, 4041.5, 5373.97, 3832.27, 5527.21, 3939.59, 3761.57, 5351.3,
3492.7, 5305.66, 3854.94, 3824.16, 3850.87, 5609.73, 5319.95, 3887.08, 5479, 3975.32,
5361.88, 5429.27, 5278.9, 5598.79, 5449.2, 5442.89, 3926.81, 5344.06, 3920.87, 5462.17,
5194.71, 5551.35, 5606.95, 5284.33, 5311.93, 5598.55, 3983.09, 5296.28, 5551.41, 5481.42,
5396.9, 5530.2, 5494.95, 6249.29, 5556.56, 5391.27, 5647.72, 3970.94, 5544.24, 3884.92,
5441.02, 3958.55, 3948.42, 3868.11, 5348.74, 4007.54, 5330.54, 3914.22, 5498.29, 5400.48,
5286.94, 5495.46, 4432.67, 3971.1, 5409.67, 3952.87, 4018.46, 3865.05, 3852.76, 3875.18,
5360.69, 4280.65, 5577.51, 4650.24, 5324.07, 5516.59, 5384.08, 5405.55, 5502.97, 3793.91,
5423.11, 3757.82, 4076.05, 3976.92, 5496.51, 3866.14, 5335.74, 5430.26, 5171.38, 3844.95,
4878.37, 5495.16, 3684.03, 3828.81, 5532.51, 5506.65, 4109.45, 5292.98, 3888.77, 5370.7,
3800.26, 3952.69, 5208.96, 3755.1, 3990.02, 5581.29, 3697.7, 5532.04, 5592.81, 3807.02,
5299.86, 5576.38, 5442.52, 3956.44, 5638.24, 5343.71, 3631.25, 5496.53, 5363.11, 4006.29,
5570.24, 5252.64, 5314.77, 5277.39, 3936.4, 3905.76, 5780.32, 5492.37, 6120.05, 5403.18,
4042.32, 5477.71, 5479.85, 5399.26, 3981.42, 5533.36, 5409.64, 5796.83, 5476.97, 3924.57,
5406.46, 4009.4, 3863.69, 5378.77, 5404.42, 3698.56, 5378.67, 5452.12, 3733.55, 3773.44,
3825.67, 5317.53, 3915.97, 5495.16, 5187.98, 5189.74, 4082.98, 5317.13, 5529.29, 4014.14,
5255.46, 5424.34, 5501.69, 5256.07, 5296.47, 5508.77, 3967.84, 5455.86, 5294.01, 5344.65,
3918.58, 5563.18, 5928.49, 5715.58, 3835.28, 3891.54, 5404.21, 4089.38, 5357.36, 5311.21,
5516.13, 5443.63, 5471.43, 5396.41, 5477.46, 5349.59, 5446, 4028.47, 5463.54, 5361.14,
4004.56, 5512.54, 5597.78, 5591.27, 5676.95, 4993.56, 5268.67, 5337.56, 5516.74, 5312.46,
5433.74, 4151.24, 5520.56, 5526.99, 3831.94, 3865.94, 5327.77, 3706.84, 3829.85, 3816.17,
5585.06, 3758.79, 5290.1, 5383.44, 5853.71, 3947.27, 3857.44, 5529.64, 5506.33, 5287.75,
5305.8, 5398.42, 5390.68, 5300.59, 5500.04, 5287.71, 3653.82, 3906.18, 5482.1, 3864.66,
5394.37, 5446.39, 5507.86, 5478.18, 3729.76, 3783.28, 3656.63, 5454.77, 4096.22, 5296.45,
5780.18, 5563.23, 5498.29, 5361.96, 5422.87, 5544.15, 5615.47, 5322.69, 5095.61, 3977.62,
5457.09, 3756.24, 5502.55, 5533.2, 5409.08, 5454.59, 5367.23, 5434.77, 5308.6, 3867.2,
5391.23, 3881.1, 5227.65, 5355.59, 5302.92, 5476.65, 5267.32, 5315.34, 5341.61, 5544.73,
5544.91, 5551.88, 5319.38, 5373.95, 5289.01, 5331.55, 3832.5, 4016.33, 5263.22, 5322.95,
5294.34, 5923.5, 3907.85, 5462.16, 5249.93, 3851.95, 3941.83, 5562.68, 5157.42, 5399.79,
5728.01, 5411.98, 3745.12, 5391.25, 5298.87, 5253.75, 3867.91, 5346.92, 5409.74, 4109.43,
5399.95, 5352.3, 5288.51, 5475.59, 3802.05, 5277.2, 5337.23, 3919.71, 3889.54, 5481,
5481.57, 5233.91, 3641.32, 3682.94, 3757.05, 3691.55, 5333.23, 5527.23, 5464.5, 5491.56,
4049.9, 3919.67, 5432.2, 3796.01, 5425.54, 5529.08, 5492.93, 5460.03, 5434.04, 5420.51,
4008.7, 5347.8, 3839.22, 3867.22, 3745.83, 3774.95, 3850.43, 5263.63, 5311.42, 5395.38,
3779.61, 5426.42, 5369.54, 5428.88, 5377.52, 5360.31, 5352.87, 5483.48, 5007.3, 5190.46,
4905.64, 4994.95, 4841.5, 4872.45, 5070.82, 4808.7]
left 95% CI for the upper bound: [-nan, -nan, -nan, -nan, -nan, -nan, -nan, -nan, -nan, -nan,
-nan, -nan, -nan, -nan, -nan, -nan, -nan, -nan, -nan, -nan,
-nan, -nan, -nan, -nan, -nan, -nan, -nan, -nan, -nan, -nan,
-nan, -nan, -nan, -nan, -nan, -nan, -nan, -nan, -nan, -nan,
-nan, -nan, -nan, -nan, -nan, -nan, -nan, -nan, -nan, -nan,
-nan, -nan, -nan, -nan, -nan, -nan, -nan, -nan, -nan, -nan,
-nan, -nan, -nan, -nan, -nan, -nan, -nan, -nan, -nan, -nan,
-nan, -nan, -nan, -nan, -nan, -nan, -nan, -nan, -nan, -nan,
-nan, -nan, -nan, -nan, -nan, -nan, -nan, -nan, -nan, -nan,
-nan, -nan, -nan, -nan, -nan, -nan, -nan, -nan, -nan, -nan,
-nan, -nan, -nan, -nan, -nan, -nan, -nan, -nan, -nan, -nan,
-nan, -nan, -nan, -nan, -nan, -nan, -nan, -nan, -nan, -nan,
-nan, -nan, -nan, -nan, -nan, -nan, -nan, -nan, -nan, -nan,
-nan, -nan, -nan, -nan, -nan, -nan, -nan, -nan, -nan, -nan,
-nan, -nan, -nan, -nan, -nan, -nan, -nan, -nan, -nan, -nan,
-nan, -nan, -nan, -nan, -nan, -nan, -nan, -nan, -nan, -nan,
-nan, -nan, -nan, -nan, -nan, -nan, -nan, -nan, -nan, -nan,
-nan, -nan, -nan, -nan, -nan, -nan, -nan, -nan, -nan, -nan,
-nan, -nan, -nan, -nan, -nan, -nan, -nan, -nan, -nan, -nan,
-nan, -nan, -nan, -nan, -nan, -nan, -nan, -nan, -nan, -nan,
-nan, -nan, -nan, -nan, -nan, -nan, -nan, -nan, -nan, -nan,
-nan, -nan, -nan, -nan, -nan, -nan, -nan, -nan, -nan, -nan,
-nan, -nan, -nan, -nan, -nan, -nan, -nan, -nan, -nan, -nan,
-nan, -nan, -nan, -nan, -nan, -nan, -nan, -nan, -nan, -nan,
-nan, -nan, -nan, -nan, -nan, -nan, -nan, -nan, -nan, -nan,
-nan, -nan, -nan, -nan, -nan, -nan, -nan, -nan, -nan, -nan,
-nan, -nan, -nan, -nan, -nan, -nan, -nan, -nan, -nan, -nan,
-nan, -nan, -nan, -nan, -nan, -nan, -nan, -nan, -nan, -nan,
-nan, -nan, -nan, -nan, -nan, -nan, -nan, -nan, -nan, -nan,
-nan, -nan, -nan, -nan, -nan, -nan, -nan, -nan, -nan, -nan,
-nan, -nan, -nan, -nan, -nan, -nan, -nan, -nan, -nan, -nan,
-nan, -nan, -nan, -nan, -nan, -nan, -nan, -nan, -nan, -nan,
-nan, -nan, -nan, -nan, -nan, -nan, -nan, -nan, -nan, -nan,
-nan, -nan, -nan, -nan, -nan, -nan, -nan, -nan, -nan, -nan,
-nan, -nan, -nan, -nan, -nan, -nan, -nan, -nan, -nan, -nan,
-nan, -nan, -nan, -nan, -nan, -nan, -nan, -nan, -nan, -nan,
-nan, -nan, -nan, -nan, -nan, -nan, -nan, -nan, -nan, -nan,
-nan, -nan, -nan, -nan, -nan, -nan, -nan, -nan, -nan, -nan,
-nan, -nan, -nan, -nan, -nan, -nan, -nan, -nan, 4872.96, 5056.59,
4764.63, 4863.7, 4695.12, 4728.87, 4947.98, 4661.07]
right 95% CI for the upper bound: [-nan, -nan, -nan, -nan, -nan, -nan, -nan, -nan, -nan, -nan,
-nan, -nan, -nan, -nan, -nan, -nan, -nan, -nan, -nan, -nan,
-nan, -nan, -nan, -nan, -nan, -nan, -nan, -nan, -nan, -nan,
-nan, -nan, -nan, -nan, -nan, -nan, -nan, -nan, -nan, -nan,
-nan, -nan, -nan, -nan, -nan, -nan, -nan, -nan, -nan, -nan,
-nan, -nan, -nan, -nan, -nan, -nan, -nan, -nan, -nan, -nan,
-nan, -nan, -nan, -nan, -nan, -nan, -nan, -nan, -nan, -nan,
-nan, -nan, -nan, -nan, -nan, -nan, -nan, -nan, -nan, -nan,
-nan, -nan, -nan, -nan, -nan, -nan, -nan, -nan, -nan, -nan,
-nan, -nan, -nan, -nan, -nan, -nan, -nan, -nan, -nan, -nan,
-nan, -nan, -nan, -nan, -nan, -nan, -nan, -nan, -nan, -nan,
-nan, -nan, -nan, -nan, -nan, -nan, -nan, -nan, -nan, -nan,
-nan, -nan, -nan, -nan, -nan, -nan, -nan, -nan, -nan, -nan,
-nan, -nan, -nan, -nan, -nan, -nan, -nan, -nan, -nan, -nan,
-nan, -nan, -nan, -nan, -nan, -nan, -nan, -nan, -nan, -nan,
-nan, -nan, -nan, -nan, -nan, -nan, -nan, -nan, -nan, -nan,
-nan, -nan, -nan, -nan, -nan, -nan, -nan, -nan, -nan, -nan,
-nan, -nan, -nan, -nan, -nan, -nan, -nan, -nan, -nan, -nan,
-nan, -nan, -nan, -nan, -nan, -nan, -nan, -nan, -nan, -nan,
-nan, -nan, -nan, -nan, -nan, -nan, -nan, -nan, -nan, -nan,
-nan, -nan, -nan, -nan, -nan, -nan, -nan, -nan, -nan, -nan,
-nan, -nan, -nan, -nan, -nan, -nan, -nan, -nan, -nan, -nan,
-nan, -nan, -nan, -nan, -nan, -nan, -nan, -nan, -nan, -nan,
-nan, -nan, -nan, -nan, -nan, -nan, -nan, -nan, -nan, -nan,
-nan, -nan, -nan, -nan, -nan, -nan, -nan, -nan, -nan, -nan,
-nan, -nan, -nan, -nan, -nan, -nan, -nan, -nan, -nan, -nan,
-nan, -nan, -nan, -nan, -nan, -nan, -nan, -nan, -nan, -nan,
-nan, -nan, -nan, -nan, -nan, -nan, -nan, -nan, -nan, -nan,
-nan, -nan, -nan, -nan, -nan, -nan, -nan, -nan, -nan, -nan,
-nan, -nan, -nan, -nan, -nan, -nan, -nan, -nan, -nan, -nan,
-nan, -nan, -nan, -nan, -nan, -nan, -nan, -nan, -nan, -nan,
-nan, -nan, -nan, -nan, -nan, -nan, -nan, -nan, -nan, -nan,
-nan, -nan, -nan, -nan, -nan, -nan, -nan, -nan, -nan, -nan,
-nan, -nan, -nan, -nan, -nan, -nan, -nan, -nan, -nan, -nan,
-nan, -nan, -nan, -nan, -nan, -nan, -nan, -nan, -nan, -nan,
-nan, -nan, -nan, -nan, -nan, -nan, -nan, -nan, -nan, -nan,
-nan, -nan, -nan, -nan, -nan, -nan, -nan, -nan, -nan, -nan,
-nan, -nan, -nan, -nan, -nan, -nan, -nan, -nan, -nan, -nan,
-nan, -nan, -nan, -nan, -nan, -nan, -nan, -nan, 5141.64, 5324.34,
5046.65, 5126.21, 4987.88, 5016.03, 5193.66, 4956.33]
==================================================
==================================================
time horizon: 8
Benders cut: 1
Improved Benders cut: 0
FW sample paths: 2
total iterations: 266
total time elapsed: 913.588 seconds.
lower bounds improvement: [753.342, 3064.11, 3163.5, 4615.71, 4622.4, 4698.84, 4699.08, 4700.63, 4700.63, 4702.9,
4703.81, 4705.97, 4710.26, 4711.02, 4713.21, 4716.58, 4717.59, 4718.57, 4721.23, 4724.07,
4725.04, 4725.24, 4725.96, 4727.8, 4728.52, 4729.97, 4731.07, 4732.93, 4733.2, 4734.45,
4735.41, 4736.25, 4736.22, 4738.52, 4740.01, 4740.07, 4740.33, 4742.51, 4743.89, 4743.98,
4746.92, 4747.8, 4748.05, 4748.21, 4748.75, 4748.93, 4750.11, 4750.34, 4750.37, 4751.33,
4751.85, 4752.31, 4753.3, 4755, 4755.23, 4755.4, 4755.56, 4755.66, 4756.99, 4757.16,
4757.94, 4759.05, 4759.1, 4759.26, 4760.86, 4761.51, 4761.79, 4762.22, 4763.18, 4764.37,
4764.9, 4765.89, 4766.14, 4766.76, 4768.38, 4768.41, 4768.76, 4769.67, 4770.11, 4771.01,
4773.08, 4773.17, 4774.05, 4774.41, 4774.86, 4776.86, 4777.55, 4777.87, 4778.02, 4778.06,
4778.23, 4779.1, 4781.71, 4782.37, 4784.05, 4785.32, 4787.43, 4788.13, 4788.19, 4789.15,
4789.17, 4789.85, 4790.63, 4794.46, 4794.88, 4795.56, 4795.56, 4796.97, 4797.05, 4798.36,
4799.94, 4800.1, 4800.3, 4801.58, 4801.81, 4801.89, 4802.57, 4803.04, 4805.52, 4806.53,
4807.22, 4808.91, 4810.2, 4811.29, 4813.6, 4814.53, 4814.8, 4815.2, 4816.22, 4817.18,
4817.57, 4818.49, 4819.44, 4820.25, 4820.38, 4820.95, 4822.02, 4822.17, 4823.4, 4823.68,
4824.1, 4824.5, 4825.58, 4825.7, 4826.94, 4827.56, 4827.97, 4828.33, 4830.45, 4830.83,
4831.33, 4831.55, 4831.8, 4832.32, 4832.46, 4833.66, 4834.54, 4834.56, 4834.69, 4835.14,
4835.58, 4838.32, 4838.53, 4838.67, 4839.1, 4839.21, 4839.69, 4840.94, 4840.98, 4842.13,
4842.32, 4843.65, 4843.8, 4843.93, 4844.63, 4844.84, 4844.97, 4845.09, 4845.55, 4845.84,
4845.99, 4846.07, 4846.48, 4846.65, 4847.12, 4847.17, 4847.34, 4848.16, 4848.28, 4848.58,
4848.63, 4848.78, 4848.88, 4849.01, 4849.1, 4849.38, 4849.4, 4849.51, 4849.8, 4849.81,
4850.05, 4850.22, 4850.55, 4850.63, 4850.78, 4850.86, 4851.17, 4851.19, 4851.21, 4851.54,
4851.89, 4851.99, 4852.18, 4852.49, 4852.52, 4852.91, 4853.03, 4853.16, 4853.21, 4853.28,
4853.37, 4853.38, 4853.44, 4853.44, 4853.62, 4853.68, 4853.72, 4853.73, 4853.73, 4854.02,
4854.02, 4854.02, 4854.02, 4854.09, 4854.09, 4854.11, 4854.11, 4854.14, 4854.14, 4854.19,
4854.19, 4854.19, 4854.19, 4854.21, 4854.21, 4854.27, 4854.29, 4854.44, 4854.47, 4854.48,
4854.48, 4854.5, 4854.57, 4854.69, 4854.8, 4854.8, 4854.84, 4854.91, 4854.92, 4854.98,
4855.03, 4855.03, 4855.03, 4855.03, 4855.03, 4855.03]
upper bounds improvement: [5504.49, 4619.13, 5131.14, 4718.51, 4647.74, 4513.52, 5554.05, 4535.6, 4557.16, 3829.62,
5427.36, 5412.27, 4647.72, 5441.15, 5340.8, 5276.38, 4473.93, 5408.04, 5528.92, 4532.82,
4642.6, 5433.43, 5856.18, 5496.36, 5298.15, 4425.32, 5649.28, 4514.95, 5401.82, 5474.35,
5484.09, 5036.12, 3894.2, 4730.12, 5439.48, 5392.12, 5559.4, 3880.19, 5431.47, 4706.53,
4490.27, 4725.49, 4715.99, 5148.97, 5427.4, 4833.64, 3820.73, 5364.44, 5420.2, 5385.26,
4616.59, 5459.89, 4668.52, 4687.38, 5474.55, 5817.83, 4635.7, 4583.02, 5435.84, 4844.4,
4807.72, 4648.17, 5513.54, 4726.71, 5400.07, 4746.78, 5460.47, 5453.05, 4739.56, 3936.54,
4647.1, 6288.5, 4671.29, 4891.24, 4701.31, 5603.96, 5355.58, 5539.59, 5703.91, 4700.35,
3818.87, 4804.02, 4672.94, 4704.62, 5488.83, 5480.01, 4610.62, 5430.9, 4782.22, 4677.78,
5762.79, 5493.25, 5473.67, 5637.88, 4643.25, 4673.18, 4795.32, 5555.28, 4749.93, 4884.51,
5374.34, 3995.81, 5461.89, 4659.92, 5597.04, 4522.58, 5425.16, 4058.05, 5424.79, 4774.84,
4589.92, 4616.82, 5527.7, 4704.67, 4716.93, 4756.81, 4635.34, 5488.91, 4602.95, 4685.9,
5451.87, 5459.26, 3961.55, 5615.16, 5550.95, 5344.64, 5463.49, 4485.61, 4540.94, 5334.51,
5554.53, 5326.53, 5417.49, 4698.58, 5540.83, 4656.41, 5385.22, 4579.94, 5378.56, 4685.35,
3966.87, 4911.68, 5262.45, 4719.85, 5449.47, 4540.47, 4763.7, 5414.5, 4572.73, 4532.91,
5363.63, 5535.41, 5470.24, 4795.12, 5556.47, 4649.57, 3816.09, 5220.39, 4677.77, 4486.69,
4572.46, 4672.06, 4535.17, 3864.06, 4533.86, 4238.96, 5616.17, 5258.06, 5242.22, 4777.29,
5530.36, 5444.43, 5446.79, 5414.58, 4521.73, 4649.99, 5530.47, 3911.86, 5703.06, 5444.82,
4578.22, 4881.09, 5422.58, 4702.93, 5278.79, 5421.2, 6383.21, 4687.57, 5393.97, 5578.15,
4635.25, 4561.65, 5442.82, 4631.94, 4587.8, 5318.34, 4724.05, 4623.21, 5437.46, 4530.9,
4602.25, 4650.43, 5312.72, 4026.97, 5477.84, 4596.19, 3792.46, 3962.42, 5369.63, 4601.43,
5509.71, 4639.78, 4540.74, 5383.84, 4619.82, 5404.04, 5401.61, 5355.23, 4577.87, 4668.24,
5395.75, 4658.39, 5405.09, 4650.98, 4583.46, 5301.07, 3808.87, 5309.86, 4605.38, 5389.9,
4477, 4576.34, 4731.1, 4413.09, 5359.82, 5421.15, 4523.47, 5324.72, 5358.26, 5262.29,
5467.97, 4458.32, 5322, 4585.97, 3872.93, 3832.54, 5321.68, 4602.63, 4646.25, 3737.41,
4694.1, 4567.74, 5387.91, 5403.29, 4521.19, 5339.14, 4550.8, 5429.09, 3667.77, 4537.49,
5371.96, 4585.65, 4655.64, 5455.2, 4614.95, 4778.97]
left 95% CI for the upper bound: [5397.09, 2955.46, 4055.85, 3245.2, 3110.23, 3259.89, 4950.15, 2828.41, 3026.56, 3759.92,
5345.97, 5395.62, 3020, 5102.89, 5152.89, 5009.16, 2816.73, 5274.08, 5501.39, 2881.27,
3139.8, 5355.88, 5528.41, 5459.1, 5275.26, 3530.28, 5096.97, 2642.29, 5095.25, 5394.32,
5390.22, 3710.47, 3581.76, 3070.22, 5325.26, 5379.99, 5469.9, 3619.16, 5388.92, 3155.12,
3305.95, 3061.22, 3453.12, 4029.25, 5423.06, 3450.2, 3368.37, 5258.76, 5379.29, 5283.84,
3087.07, 5396.23, 3126.64, 3243.58, 5464.57, 5148.35, 2928.07, 3435.24, 5314.05, 3964.94,
3121.59, 3000.27, 5494.35, 3365.88, 5394.62, 3287.17, 5413.8, 5194.37, 3313.97, 3901.69,
2990.57, 5950.92, 3066.35, 3643.55, 3069.09, 5586.72, 5039.29, 5466.36, 5360.3, 3187.1,
3620.87, 3315.73, 3360.05, 3097.65, 5439.31, 5160.7, 2985.34, 5413.54, 3111.34, 3216.74,
5701.91, 5428.82, 5445.35, 5566.84, 2894.3, 2967.8, 3713.14, 5491.01, 3335.1, 3392.76,
5228.07, 3963.15, 5326.52, 2949.99, 5537.76, 2890.15, 5386.53, 3914.56, 5414.73, 3034.38,
3198.79, 3025.59, 5350.43, 3286.95, 3264.66, 3299.58, 3141.13, 5388.04, 2842.81, 3177.35,
5320.5, 5452.48, 3751.13, 5460.21, 5545.51, 5254.58, 5439.34, 2647.91, 2883.51, 5214.7,
5503.76, 5288.91, 5195.8, 3178.42, 5473.05, 3149.71, 5325.97, 3002.01, 5369.2, 3348.89,
3941.62, 3404.3, 4452.74, 3022.05, 5416.13, 2872.49, 3307.4, 5390.25, 3040.08, 3201.81,
5269.79, 5452.71, 5434.75, 3449.37, 4382.89, 3275.04, 3698.02, 5078.89, 3317.8, 2916.2,
3025.76, 3143.36, 3133.72, 3746.75, 2722.09, 4093.9, 5443.82, 5219.5, 5073, 3165.64,
5443.65, 5404.68, 5282.58, 5279.35, 3240.24, 2863, 5319.89, 3826.9, 5671.08, 5318.07,
3015.28, 3407.36, 5366.14, 3064.65, 4959.37, 5364.2, 6269.88, 3270.41, 5350.83, 5504.18,
2978.09, 3172.04, 5279.44, 3354.2, 3190.59, 5189.56, 3260.22, 2925.51, 5420.26, 3140.03,
3026.26, 3159.97, 5272.28, 3822.58, 5464.68, 3192.38, 3431.97, 3942.14, 5346.12, 3122.83,
5434.9, 3123.3, 3203.22, 5162.88, 2972.36, 5359.85, 5334.49, 5159.11, 2853.5, 3199.12,
5332.57, 2945.41, 5193.3, 3086.2, 2962.25, 5268.62, 3580.19, 5018.36, 3042.12, 5263.73,
3096.45, 2770.85, 3375.77, 2605.76, 5068.23, 5418.32, 3106.87, 5079.77, 5186.48, 5190.57,
5361.72, 2982.97, 5122.06, 2839.2, 3838.44, 3636.58, 5011.51, 3157.47, 3138.12, 3670.29,
3229.26, 2837.08, 5355.52, 5368.38, 2904.17, 5199.96, 3083.41, 5386.71, 3595.99, 3198.03,
5222.24, 2988.45, 3058.85, 5257.76, 3103.29, 4627.82]
right 95% CI for the upper bound: [5611.9, 6282.79, 6206.43, 6191.83, 6185.25, 5767.15, 6157.95, 6242.78, 6087.76, 3899.33,
5508.75, 5428.91, 6275.44, 5779.42, 5528.7, 5543.61, 6131.14, 5541.99, 5556.46, 6184.37,
6145.39, 5510.97, 6183.96, 5533.62, 5321.03, 5320.35, 6201.59, 6387.6, 5708.39, 5554.38,
5577.97, 6361.76, 4206.63, 6390.01, 5553.7, 5404.25, 5648.89, 4141.23, 5474.03, 6257.94,
5674.59, 6389.77, 5978.86, 6268.68, 5431.74, 6217.09, 4273.09, 5470.13, 5461.12, 5486.67,
6146.11, 5523.56, 6210.4, 6131.18, 5484.52, 6487.32, 6343.33, 5730.8, 5557.63, 5723.85,
6493.85, 6296.07, 5532.73, 6087.54, 5405.51, 6206.39, 5507.15, 5711.73, 6165.14, 3971.4,
6303.64, 6626.07, 6276.22, 6138.94, 6333.52, 5621.21, 5671.86, 5612.83, 6047.52, 6213.6,
4016.86, 6292.32, 5985.83, 6311.59, 5538.35, 5799.33, 6235.9, 5448.27, 6453.1, 6138.83,
5823.66, 5557.68, 5502, 5708.92, 6392.19, 6378.57, 5877.5, 5619.55, 6164.77, 6376.25,
5520.61, 4028.46, 5597.27, 6369.85, 5656.32, 6155.01, 5463.78, 4201.53, 5434.84, 6515.3,
5981.05, 6208.05, 5704.96, 6122.4, 6169.21, 6214.04, 6129.54, 5589.78, 6363.08, 6194.45,
5583.24, 5466.03, 4171.98, 5770.1, 5556.4, 5434.7, 5487.64, 6323.31, 6198.38, 5454.33,
5605.31, 5364.16, 5639.17, 6218.73, 5608.61, 6163.12, 5444.48, 6157.87, 5387.92, 6021.81,
3992.12, 6419.07, 6072.17, 6417.66, 5482.8, 6208.44, 6219.99, 5438.74, 6105.37, 5864.01,
5457.48, 5618.11, 5505.73, 6140.88, 6730.05, 6024.11, 3934.17, 5361.88, 6037.75, 6057.18,
6119.15, 6200.76, 5936.61, 3981.36, 6345.63, 4384.02, 5788.53, 5296.61, 5411.45, 6388.94,
5617.06, 5484.18, 5610.99, 5549.82, 5803.21, 6436.98, 5741.05, 3996.82, 5735.04, 5571.57,
6141.15, 6354.83, 5479.02, 6341.22, 5598.21, 5478.2, 6496.54, 6104.73, 5437.11, 5652.12,
6292.4, 5951.25, 5606.21, 5909.67, 5985, 5447.13, 6187.88, 6320.91, 5454.65, 5921.77,
6178.24, 6140.9, 5353.15, 4231.36, 5491.01, 5999.99, 4152.95, 3982.69, 5393.14, 6080.03,
5584.51, 6156.27, 5878.26, 5604.8, 6267.28, 5448.22, 5468.73, 5551.34, 6302.23, 6137.36,
5458.94, 6371.37, 5616.87, 6215.77, 6204.67, 5333.52, 4037.56, 5601.36, 6168.63, 5516.07,
5857.54, 6381.82, 6086.43, 6220.42, 5651.42, 5423.98, 5940.08, 5569.68, 5530.05, 5334.01,
5574.21, 5933.67, 5521.94, 6332.75, 3907.43, 4028.49, 5631.84, 6047.79, 6154.37, 3804.53,
6158.94, 6298.39, 5420.29, 5438.2, 6138.22, 5478.33, 6018.19, 5471.47, 3739.54, 5876.95,
5521.68, 6182.85, 6252.43, 5652.64, 6126.61, 4930.11]
==================================================
==================================================
time horizon: 8
Benders cut: 1
Improved Benders cut: 0
FW sample paths: 3
total iterations: 209
total time elapsed: 1352.51 seconds.
lower bounds improvement: [862.309, 3376.07, 4555.45, 4645.23, 4689.41, 4694.43, 4697.93, 4700.88, 4700.88, 4704.44,
4707.74, 4711.07, 4713.6, 4714.07, 4717.09, 4717.76, 4718.45, 4721.32, 4724.98, 4725.45,
4729.71, 4730.64, 4732.18, 4732.51, 4733.01, 4735.79, 4735.57, 4737.55, 4739.92, 4740.07,
4742.4, 4742.71, 4744.67, 4747.68, 4747.94, 4748.48, 4748.5, 4748.88, 4749.15, 4750.04,
4750.05, 4750.98, 4751.96, 4753.48, 4755.26, 4756.62, 4757.14, 4758.37, 4758.45, 4760.46,
4761.96, 4763.13, 4763.9, 4764.3, 4765.78, 4766.84, 4769.11, 4771.3, 4771.62, 4772.1,
4772.19, 4773.46, 4773.5, 4773.9, 4774.52, 4774.88, 4775.04, 4776.62, 4777.35, 4777.45,
4778.39, 4781.61, 4783.23, 4784.65, 4785.71, 4786.92, 4787.26, 4787.61, 4788, 4788.87,
4789.23, 4789.39, 4789.99, 4792.22, 4792.43, 4793.89, 4795.39, 4796.62, 4798.77, 4800.07,
4801.39, 4802.03, 4803.43, 4804.97, 4805.06, 4806.72, 4808.15, 4808.68, 4811.18, 4811.66,
4814.04, 4814.86, 4815.69, 4817.5, 4818.67, 4820.35, 4821.72, 4821.97, 4822.01, 4822.12,
4823.43, 4823.71, 4823.95, 4825.46, 4826.93, 4827.05, 4827.13, 4827.53, 4828.37, 4828.57,
4829.67, 4830.28, 4830.42, 4831.72, 4832.69, 4832.88, 4832.94, 4833.91, 4834.49, 4835.58,
4837.1, 4838.05, 4838.15, 4838.2, 4838.48, 4838.72, 4839.23, 4839.61, 4839.69, 4839.76,
4839.87, 4840.53, 4840.67, 4840.81, 4841.41, 4841.81, 4842.75, 4842.94, 4843.77, 4844.09,
4844.25, 4844.28, 4844.38, 4844.57, 4844.74, 4845.18, 4846.57, 4846.82, 4848.21, 4848.53,
4849.22, 4851.08, 4851.95, 4852.1, 4852.14, 4852.48, 4852.69, 4852.84, 4853.04, 4853.04,
4853.19, 4853.24, 4853.24, 4853.25, 4853.46, 4853.48, 4853.51, 4853.77, 4853.79, 4853.98,
4854, 4854, 4854.11, 4854.35, 4854.37, 4854.43, 4854.44, 4854.62, 4854.62, 4854.62,
4854.77, 4854.81, 4854.81, 4854.85, 4854.94, 4854.94, 4854.94, 4854.94, 4854.99, 4855.01,
4855.01, 4855.01, 4855.01, 4855.01, 4855.04, 4855.04, 4855.04, 4855.04, 4855.04]
upper bounds improvement: [4831.51, 4447.33, 4624.7, 5358.95, 4268.2, 5366.7, 5382.43, 4378.19, 4818.02, 4902.71,
4258.89, 4792.82, 4849.26, 5063.92, 5435.22, 5433.55, 4826.01, 5666.49, 5340.29, 4875.48,
5358.7, 5327.5, 5430.55, 5450.79, 4464.79, 5427.54, 5356.38, 4932.22, 5481.1, 4887.45,
4470.34, 5383.24, 5588.69, 5609.51, 4924.21, 4917.51, 5630.44, 5467.3, 4974.9, 4905.96,
4930.35, 5433.17, 4924.37, 5064.42, 4670.01, 5471.06, 5376.39, 4841.38, 4951.31, 4918.16,
4908.49, 3824.8, 5467.07, 5027.56, 6099.27, 3947.37, 4957.7, 5618.59, 4485.69, 5015.52,
5022.13, 5146.43, 5528.88, 5063.04, 5461.48, 4896.43, 4941.62, 4986.14, 4954.35, 4583.33,
5875.37, 4983.43, 4958.55, 4842.68, 3904.95, 4951.78, 5491.25, 5413.71, 5523.29, 5484.46,
5121.36, 5427.85, 5618.54, 4361.85, 4973.69, 4874.98, 5499.77, 4974.54, 4883.11, 5474.09,
5014.18, 5520.18, 5086.77, 5034.64, 4912.6, 5119.89, 5311.91, 4425.46, 5399.03, 4831.54,
4932.74, 4564.7, 4312.25, 5017.38, 4520.79, 5380.58, 5426.74, 4386.94, 5097.51, 5520.59,
5351.76, 4881.39, 5549.68, 5037.04, 4922.89, 5354.08, 5034.22, 4421.35, 5410.78, 5429.23,
4870.97, 3803.87, 5392.83, 4910.81, 5350.53, 5454.55, 4377.12, 4414.31, 5019.38, 5030.46,
4927.11, 5404.21, 4905.75, 5389.04, 5351.41, 5736.59, 5391.37, 4919.78, 4824.32, 4383.53,
5347.16, 4822.76, 4394.85, 5366.32, 5417.63, 5001.35, 4183.84, 4921.09, 5400.48, 4815.47,
4351.72, 4943.43, 4843.5, 4609.48, 5587.65, 4495, 3661.76, 5894.59, 5347.98, 5288.87,
4413.89, 4769.42, 4893.66, 4873.61, 5360.11, 5436.91, 5357.86, 4314.42, 4921.93, 5450.11,
4271.28, 4377.13, 5412.35, 4831.13, 4830, 5387.52, 4280.7, 4831.34, 5416.75, 4780.33,
3804.44, 3762.17, 4716.44, 5203.04, 4768.88, 5390.14, 4945.61, 4828.74, 4821.21, 4917.24,
4846.49, 4829.21, 4334.62, 4855.03, 3750.42, 4819, 4890.55, 4411.93, 4745.71, 4850.75,
5427.24, 5482.53, 4822.1, 5255.6, 4902.03, 4773.6, 5013.65, 4726.09, 4774.13]
left 95% CI for the upper bound: [3705.08, 3493.97, 3788.25, 5093.15, 3016.17, 5258.9, 5263.81, 3384.26, 3756.49, 3845.99,
3187.73, 3755.24, 3906.5, 4238.03, 5391.53, 5348, 3795.11, 5320.95, 5232.78, 4015.29,
5264.2, 5271.53, 5356.96, 5180.1, 3108.5, 5295.27, 5136.44, 4092.29, 5387.83, 3864.66,
3471.35, 5246.23, 5567.17, 5523.82, 3856.12, 3907.63, 5371.88, 5164.53, 4012.19, 3862.32,
3901.44, 5240.72, 3839.77, 4036.98, 3879.33, 5397.12, 5269.42, 3788.19, 3938.18, 4079.28,
3818.68, 3705.1, 5388.18, 4256.73, 6001.49, 3882.51, 3844.06, 5062.79, 3477.12, 4119.72,
3918.19, 4483.09, 5443.67, 4182.05, 4799.91, 4006.47, 3911.85, 4030.54, 3975.2, 3567.68,
5766.1, 3987.84, 4042.63, 3665.54, 3817.78, 3819.28, 5383.3, 5343.22, 5363.99, 5452.64,
4122.89, 5381.33, 5508.82, 3355.83, 3866.56, 3863.57, 5389.99, 3682.98, 3917.21, 5285.52,
3925.57, 5480.14, 4090.02, 4097.61, 3796.16, 4153.96, 5246.23, 3437.5, 5228.38, 3734.74,
3936.36, 3619.37, 3400.15, 4040.87, 3451.15, 5294.99, 5333.38, 3345.38, 4745.66, 5426.29,
5238.82, 3676.35, 5418.21, 3987.56, 3886.63, 5191.95, 4174.69, 3417.96, 5302.22, 5359.09,
3867.31, 3761.23, 5272.98, 3805.32, 4759.36, 5410.14, 3371.42, 3542.24, 4023.88, 3997.56,
3909.91, 5349.15, 3820.92, 5292.99, 5268.93, 5544.06, 5248.12, 3866.63, 3710.99, 3381.94,
5233.05, 3799.97, 3311.7, 5201.01, 5387.79, 4024.29, 3158.23, 3891.77, 5338.83, 3751.19,
3319.67, 3889.74, 3896.88, 3811.34, 5495.38, 3450.86, 3492, 5846.57, 5245.22, 4305.08,
3425.76, 3738.64, 3911.42, 3682.9, 5189.72, 5303.97, 5261.86, 3239.31, 3944.04, 5391.64,
3353.41, 3214.69, 5385.13, 3756.49, 3631.02, 5308.52, 3054.53, 3874.17, 5267.32, 3707.17,
3766.16, 3541.2, 3964.48, 4169.12, 3611.72, 5357.59, 3786.02, 3835.23, 4027.2, 4026.04,
3718.87, 3796.52, 3350.35, 3753.58, 3621.46, 3755.66, 3842.48, 3408.02, 3839.88, 3809.64,
5354.49, 5403.71, 3797.8, 5189.91, 4759.53, 4619.79, 4885.16, 4574.32, 4625.4]
right 95% CI for the upper bound: [5957.94, 5400.69, 5461.15, 5624.76, 5520.23, 5474.5, 5501.05, 5372.13, 5879.54, 5959.43,
5330.05, 5830.41, 5792.02, 5889.8, 5478.92, 5519.1, 5856.9, 6012.03, 5447.81, 5735.66,
5453.19, 5383.47, 5504.15, 5721.48, 5821.09, 5559.81, 5576.32, 5772.16, 5574.37, 5910.24,
5469.32, 5520.26, 5610.21, 5695.2, 5992.29, 5927.39, 5889.01, 5770.08, 5937.6, 5949.6,
5959.26, 5625.61, 6008.96, 6091.85, 5460.69, 5545, 5483.36, 5894.57, 5964.43, 5757.05,
5998.29, 3944.5, 5545.96, 5798.39, 6197.06, 4012.23, 6071.33, 6174.38, 5494.26, 5911.33,
6126.06, 5809.78, 5614.09, 5944.02, 6123.04, 5786.39, 5971.38, 5941.75, 5933.5, 5598.97,
5984.64, 5979.03, 5874.46, 6019.83, 3992.12, 6084.28, 5599.21, 5484.21, 5682.59, 5516.27,
6119.84, 5474.36, 5728.27, 5367.87, 6080.83, 5886.38, 5609.54, 6266.09, 5849.01, 5662.66,
6102.78, 5560.22, 6083.52, 5971.67, 6029.04, 6085.83, 5377.58, 5413.42, 5569.69, 5928.35,
5929.12, 5510.02, 5224.35, 5993.88, 5590.43, 5466.18, 5520.1, 5428.51, 5449.36, 5614.88,
5464.71, 6086.43, 5681.15, 6086.51, 5959.15, 5516.21, 5893.74, 5424.75, 5519.34, 5499.37,
5874.64, 3846.52, 5512.68, 6016.29, 5941.7, 5498.97, 5382.83, 5286.38, 6014.88, 6063.36,
5944.32, 5459.26, 5990.57, 5485.08, 5433.89, 5929.13, 5534.61, 5972.93, 5937.65, 5385.13,
5461.26, 5845.56, 5477.99, 5531.63, 5447.46, 5978.42, 5209.44, 5950.41, 5462.13, 5879.76,
5383.77, 5997.12, 5790.13, 5407.62, 5679.93, 5539.13, 3831.53, 5942.61, 5450.75, 6272.67,
5402.01, 5800.2, 5875.9, 6064.32, 5530.51, 5569.85, 5453.87, 5389.52, 5899.83, 5508.59,
5189.15, 5539.57, 5439.57, 5905.78, 6028.98, 5466.52, 5506.87, 5788.51, 5566.17, 5853.48,
3842.72, 3983.14, 5468.4, 6236.95, 5926.03, 5422.69, 6105.21, 5822.25, 5615.21, 5808.44,
5974.1, 5861.9, 5318.88, 5956.48, 3879.39, 5882.35, 5938.62, 5415.84, 5651.53, 5891.86,
5499.99, 5561.35, 5846.39, 5321.3, 5044.52, 4927.4, 5142.14, 4877.85, 4922.85]
==================================================
==================================================
time horizon: 8
Benders cut: 1
Improved Benders cut: 0
FW sample paths: 5
total iterations: 127
total time elapsed: 740.32 seconds.
lower bounds improvement: [3068.18, 4530.05, 4615.11, 4696.8, 4698.32, 4699.54, 4700, 4700, 4703.22, 4707.14,
4710.75, 4713.04, 4715.51, 4718.02, 4718.33, 4722.29, 4724.53, 4724.74, 4728.96, 4732.34,
4733.35, 4734.61, 4735.48, 4735.22, 4736.89, 4737.82, 4738.6, 4743.66, 4745.4, 4745.78,
4745.92, 4747.65, 4748.44, 4749.07, 4750.39, 4751.81, 4752.51, 4752.67, 4755.24, 4755.9,
4758.1, 4759.5, 4760.16, 4762.37, 4762.69, 4766.11, 4766.95, 4768.26, 4768.36, 4769.86,
4771.4, 4772.19, 4773.86, 4774.18, 4776.09, 4776.53, 4776.68, 4777.94, 4778.98, 4779.05,
4779.21, 4782.59, 4786.02, 4787.93, 4788.64, 4789.58, 4791.36, 4793.07, 4793.55, 4795.92,
4797.46, 4798.44, 4800.31, 4801.21, 4802.82, 4802.83, 4805.65, 4806.62, 4807.48, 4811.1,
4812.79, 4813.55, 4815.5, 4818.52, 4819.36, 4820.5, 4822.08, 4825.99, 4826.63, 4826.83,
4827.38, 4829.46, 4830.33, 4831.22, 4833.31, 4834.22, 4834.29, 4837.37, 4838.11, 4839.07,
4840.14, 4844.08, 4844.18, 4845.32, 4845.55, 4846.07, 4846.21, 4847.09, 4850.02, 4850.64,
4850.7, 4852.24, 4852.89, 4853.15, 4853.87, 4853.95, 4854.24, 4854.55, 4854.55, 4854.57,
4854.86, 4855.04, 4855.04, 4855.04, 4855.04, 4855.04, 4855.04]
upper bounds improvement: [4722.55, 5159.78, 5379.81, 5350.49, 4986.7, 5429.87, 5375.33, 5377.07, 4826.62, 5028.04,
5096.53, 4809.7, 5319.23, 5150.36, 4963.67, 4779.13, 5221.71, 4855.26, 4612.15, 5406.1,
5469.77, 5071.89, 5526.88, 5121.23, 4876.35, 4848.55, 4395.05, 4739.53, 4800.75, 4849.95,
5347.59, 5448.89, 4661.26, 4869.03, 5521.73, 4747.34, 4529.97, 5014.99, 4820.68, 4901.28,
4796.65, 6262.52, 4795.06, 4867.26, 5128.25, 4836.53, 5124.18, 4515.38, 5483.17, 4793.01,
5067.51, 4812.45, 4864.79, 5287.55, 4562.13, 5058.51, 5201.61, 5293.24, 4479.37, 5464.85,
5483.89, 4240.03, 4312.78, 5193.81, 5267.71, 5296.94, 4946.22, 5121.24, 4790.74, 4813.29,
5181.96, 4863.56, 4948.3, 5179.36, 4836.58, 4626.24, 5604.73, 5027.1, 4807.56, 5147.49,
4772.58, 6090.08, 5353.95, 5394.18, 5071.14, 4891.62, 5120.56, 5228.97, 5088.58, 5289.14,
5577.05, 4396.48, 5408.68, 4903.41, 5562.27, 4817.59, 5443.58, 4792.02, 4826.69, 4235.05,
4946.04, 4677.65, 5169.96, 4970.34, 5472.48, 5465.15, 5200.11, 5042.21, 4634.33, 4696.5,
4734.95, 4839.98, 5086.85, 5081.27, 4746.6, 5050.55, 5128, 5072.03, 4726.01, 5107.41,
4757.98, 4826.18, 4969.19, 4831.3, 4786.54, 5391.85, 4781.73]
left 95% CI for the upper bound: [3949.93, 4462.36, 4916.72, 4539.07, 4382.89, 5331.75, 5274.14, 5310.7, 4056.27, 4408.12,
4503.47, 4149.87, 5244.86, 4545.92, 4533, 3846.27, 4711.01, 4148.95, 3942.8, 5309.1,
5138.94, 4572.28, 5380.46, 4495.34, 3938.56, 4100.57, 3663.46, 4007.83, 4013.61, 4091.21,
4909.62, 5365.86, 3903.22, 4140.38, 5493.66, 3947.73, 3649.69, 4264.94, 4029.3, 4109.67,
4104.64, 6154.41, 4032, 4204.58, 4488.36, 4191.28, 4500.32, 3929.58, 5448.75, 4064.05,
4265.3, 3996.44, 4124.38, 4659.4, 3812.66, 4407.56, 4501.03, 4588.45, 3699.94, 5374.69,
5411.13, 3690.75, 3606.51, 4629.47, 4533.71, 4697.14, 4248.27, 4486.3, 4065.86, 4084.12,
4602.85, 4126.44, 4249.84, 4580.88, 4058.91, 3920.96, 5531.32, 4289.91, 4069.51, 4652.14,
4097.49, 6031.2, 4719.04, 5328.72, 4281.62, 4163.25, 4418.43, 4594.67, 4404.78, 4700.58,
5507.91, 3637.21, 5356.29, 4131.39, 4988.91, 4040.62, 5327.51, 4017.48, 4092.69, 3565.79,
4185.87, 3846.02, 4586.66, 4361.52, 5402.84, 5312.15, 4690.52, 4506.52, 3996.07, 3987.47,
4038.18, 4066.38, 4502.84, 4503.55, 4054.66, 4455.48, 4544.18, 4434.27, 4077.04, 4522.24,
3957.65, 4075.97, 4365.25, 4053.75, 4030.82, 5279.94, 4629.46]
right 95% CI for the upper bound: [5495.18, 5857.2, 5842.91, 6161.92, 5590.51, 5527.98, 5476.52, 5443.44, 5596.96, 5647.97,
5689.59, 5469.54, 5393.6, 5754.81, 5394.34, 5712, 5732.42, 5561.57, 5281.51, 5503.1,
5800.6, 5571.51, 5673.3, 5747.12, 5814.14, 5596.54, 5126.65, 5471.24, 5587.89, 5608.68,
5785.55, 5531.93, 5419.29, 5597.68, 5549.79, 5546.96, 5410.25, 5765.04, 5612.05, 5692.88,
5488.66, 6370.63, 5558.13, 5529.94, 5768.13, 5481.77, 5748.04, 5101.19, 5517.6, 5521.97,
5869.72, 5628.46, 5605.21, 5915.71, 5311.59, 5709.46, 5902.2, 5998.04, 5258.79, 5555.02,
5556.65, 4789.31, 5019.04, 5758.15, 6001.72, 5896.74, 5644.17, 5756.19, 5515.63, 5542.47,
5761.07, 5600.67, 5646.77, 5777.84, 5614.24, 5331.51, 5678.13, 5764.29, 5545.6, 5642.84,
5447.67, 6148.96, 5988.85, 5459.65, 5860.66, 5619.99, 5822.7, 5863.28, 5772.38, 5877.69,
5646.18, 5155.74, 5461.06, 5675.43, 6135.62, 5594.57, 5559.66, 5566.56, 5560.68, 4904.32,
5706.22, 5509.29, 5753.25, 5579.16, 5542.12, 5618.15, 5709.7, 5577.9, 5272.58, 5405.52,
5431.72, 5613.58, 5670.85, 5658.98, 5438.54, 5645.63, 5711.81, 5709.78, 5374.98, 5692.58,
5558.3, 5576.39, 5573.14, 5608.84, 5542.26, 5503.77, 4934]
==================================================
==================================================
time horizon: 8
Benders cut: 1
Improved Benders cut: 0
FW sample paths: 10
total iterations: 104
total time elapsed: 987.364 seconds.
lower bounds improvement: [2044.9, 4553.19, 4639.67, 4690.18, 4700.37, 4700.52, 4700.75, 4700.75, 4703.69, 4708.04,
4711.97, 4714.46, 4717.76, 4718.48, 4720.82, 4723.64, 4725.16, 4726.08, 4728.72, 4732.1,
4735.96, 4736.68, 4737.43, 4739.27, 4740.72, 4743.47, 4746.45, 4747.31, 4749.29, 4750.26,
4751.99, 4751.99, 4752.83, 4753.03, 4755.43, 4758.84, 4759.37, 4760.95, 4762.24, 4763.15,
4764.08, 4765.76, 4767.18, 4770.65, 4773.53, 4774.55, 4774.8, 4776.48, 4777.34, 4777.47,
4777.57, 4781.92, 4782.83, 4785.63, 4787.34, 4789.51, 4789.75, 4791.65, 4792.1, 4793.64,
4794.01, 4796.72, 4800.2, 4802.15, 4802.43, 4802.54, 4803.24, 4804.78, 4804.99, 4808.19,
4813.8, 4814.18, 4815.43, 4818.35, 4819.44, 4822.8, 4825.2, 4827.13, 4827.27, 4829.93,
4831.51, 4831.84, 4831.88, 4834.35, 4837.22, 4838.45, 4838.53, 4838.61, 4841.27, 4842.87,
4844.71, 4846.69, 4847.13, 4847.55, 4848.9, 4849.38, 4852.67, 4854.66, 4855.04, 4855.04,
4855.04, 4855.04, 4855.04, 4855.04]
upper bounds improvement: [4797.75, 4744.94, 4847.55, 5145.01, 5088.49, 4664.82, 4552.46, 4747.21, 5131.25, 4946.12,
4922.84, 4799.73, 5247.47, 5346.32, 4820.31, 5129.73, 4800.34, 5222.29, 5391.78, 5219.62,
4864.22, 4414.76, 4801.95, 5349.75, 5121.15, 5161.79, 5262.48, 5062.23, 4967.98, 5162.74,
5218.29, 4414.02, 4968.71, 4572.49, 5094.81, 4978.47, 6048.93, 4816.62, 4755.5, 5086.39,
4994.01, 4605.76, 4891.2, 4889.83, 4907.08, 5672.67, 4557.4, 4852.47, 5156.56, 4991.27,
5085.55, 5262.16, 4694.59, 4912.26, 4991.97, 5299.9, 4864.35, 4711.93, 5357.6, 5056.24,
5017.77, 5273.83, 4840.93, 5244.88, 5261.24, 4947.43, 5241.56, 5119.44, 4792.46, 4587.27,
5253.34, 5631.48, 5394.79, 4728.64, 4349.57, 5432.82, 4602.18, 5192.59, 5165.37, 4863.75,
4858.18, 5262.51, 5519.11, 4730.48, 4896.05, 4794.83, 5256.65, 4891.46, 5036.71, 5301.43,
4927.04, 4976.39, 5339.16, 4536.48, 4850.91, 4907.91, 4744.83, 5045.08, 5266.84, 5112.02,
5208.08, 4611.6, 4920.86, 4884.32]
left 95% CI for the upper bound: [4304.1, 4279.93, 4520.12, 4723.29, 4736.29, 4152.24, 4041.34, 4271.24, 4813.26, 4520.63,
4402.74, 4306.81, 4932, 4995.34, 4299.45, 4708.27, 4298.19, 4708.31, 5334.97, 4806.24,
4397.02, 3952.25, 4283.09, 5091.45, 4725.82, 4750.13, 4884.99, 4681.89, 4477.94, 4825.98,
4921.71, 3924.62, 4470.71, 4059.25, 4680.19, 4486.16, 5791.04, 4359.12, 4219.85, 4665.32,
4529.26, 4122.07, 4369.42, 4433.29, 4431.45, 5544.18, 4042.6, 4382.51, 4788.29, 4515.49,
4608.99, 4816.31, 4170.1, 4433.37, 4493.89, 5010.55, 4360.97, 4189.32, 4992.05, 4592.41,
4575.4, 4887.17, 4364.05, 4918.05, 4856.33, 4470.82, 4828.4, 4678.79, 4315, 4089.79,
4842.04, 5148.83, 5102.15, 4218.33, 3889.31, 5054.74, 4120.87, 4700.22, 4735.57, 4365.81,
4398.99, 4963.92, 5171.47, 4226.79, 4440.64, 4269.82, 4948.51, 4399.84, 4570.51, 4813.56,
4391.66, 4462.31, 4994.12, 3997.08, 4354.01, 4449.57, 4274.45, 4625.15, 4886.13, 4724.13,
4872.15, 4126.92, 4449.4, 4739.79]
right 95% CI for the upper bound: [5291.39, 5209.95, 5174.99, 5566.73, 5440.7, 5177.41, 5063.58, 5223.17, 5449.24, 5371.62,
5442.93, 5292.65, 5562.93, 5697.3, 5341.17, 5551.19, 5302.5, 5736.28, 5448.58, 5633,
5331.41, 4877.27, 5320.8, 5608.05, 5516.48, 5573.46, 5639.97, 5442.57, 5458.02, 5499.5,
5514.86, 4903.42, 5466.7, 5085.73, 5509.44, 5470.79, 6306.82, 5274.11, 5291.15, 5507.45,
5458.76, 5089.45, 5412.98, 5346.37, 5382.71, 5801.16, 5072.2, 5322.44, 5524.83, 5467.06,
5562.11, 5708.02, 5219.09, 5391.16, 5490.05, 5589.25, 5367.73, 5234.55, 5723.15, 5520.07,
5460.15, 5660.49, 5317.82, 5571.7, 5666.15, 5424.04, 5654.72, 5560.09, 5269.93, 5084.75,
5664.64, 6114.13, 5687.43, 5238.94, 4809.83, 5810.9, 5083.49, 5684.96, 5595.17, 5361.68,
5317.37, 5561.1, 5866.76, 5234.18, 5351.47, 5319.85, 5564.78, 5383.09, 5502.92, 5789.3,
5462.41, 5490.46, 5684.21, 5075.88, 5347.81, 5366.24, 5215.2, 5465.01, 5647.56, 5499.91,
5544.01, 5096.27, 5392.33, 5028.84]
==================================================
==================================================
time horizon: 8
Benders cut: 1
Improved Benders cut: 0
FW sample paths: 20
total iterations: 94
total time elapsed: 1623.56 seconds.
lower bounds improvement: [2661.45, 4558.94, 4638.93, 4700.36, 4701.87, 4701.87, 4704.8, 4709.16, 4713.09, 4715.58,
4719.06, 4719.6, 4722.38, 4725, 4726.22, 4729.11, 4731.61, 4736.74, 4737.11, 4738.42,
4740.83, 4741.72, 4744.61, 4748.85, 4749.65, 4752.03, 4752.47, 4753.53, 4753.65, 4755.07,
4756.22, 4758.21, 4759.73, 4759.84, 4762.32, 4763.09, 4764.25, 4769.92, 4771.27, 4772.61,
4774.99, 4776.55, 4778.19, 4778.19, 4778.3, 4779.83, 4781.59, 4785.88, 4788.14, 4788.55,
4790.21, 4794, 4794.18, 4794.73, 4797.46, 4799.35, 4802.87, 4803.5, 4805.42, 4808.22,
4810.89, 4811.66, 4814.53, 4814.88, 4815.37, 4819.48, 4821.47, 4824.43, 4827.09, 4827.95,
4829.22, 4831.12, 4832.57, 4834.99, 4836.03, 4839.25, 4839.31, 4839.72, 4843.58, 4845.41,
4847.41, 4847.44, 4848.53, 4848.76, 4850.82, 4853.07, 4854.01, 4854.63, 4855.04, 4855.04,
4855.04, 4855.04, 4855.04, 4855.04]
upper bounds improvement: [5093.7, 5020.87, 5319.48, 4657.27, 4765.31, 4733.86, 4829.82, 5112.89, 4832.42, 5026.64,
4799.81, 5227.41, 5194.27, 4808.27, 4920.62, 4769.13, 4778.11, 4763.76, 4850.55, 4863,
5007.67, 5211.11, 4695.6, 5350.99, 5216.81, 4929.67, 4886.77, 4866.15, 4873.5, 4999.91,
5098.16, 5135.64, 5078.82, 4803.71, 5000.69, 5108.33, 4552.21, 4813.36, 4888.3, 5315.77,
5252.05, 5256.24, 4864.91, 5137.38, 5109.9, 5468.24, 5067.15, 5215.2, 4996.52, 5119.4,
4965.37, 5018.61, 4972.14, 4942.28, 5231.9, 4691.49, 5118.52, 4843.56, 4866.08, 4847.35,
5326.68, 4912.69, 5059.18, 5727.16, 5130.11, 5130.95, 5049.5, 4980.39, 5274.4, 4939.67,
5560.89, 4657.42, 5316.84, 5688.28, 4178.29, 4508.97, 5132.57, 5087.41, 4706.75, 4814.89,
4959.1, 5314.46, 4587.11, 4985.11, 5111.24, 4822.87, 5002.46, 4955.35, 4655.7, 5224.67,
4949.21, 4679.47, 4600.6, 4780.56]
left 95% CI for the upper bound: [4809.62, 4714.41, 5102.47, 4309.25, 4405.27, 4402.08, 4501.88, 4841.77, 4508.87, 4706.91,
4483.22, 4954.03, 4885.68, 4462.35, 4587.33, 4431.1, 4408.58, 4407.14, 4521.52, 4533.2,
4677.35, 4932.98, 4356.35, 5034.92, 4935.38, 4610.88, 4526.13, 4510.26, 4537.96, 4713.88,
4797.54, 4756.55, 4771.96, 4458.67, 4679.91, 4817.05, 4236.65, 4475.31, 4535.41, 5012.41,
4984.16, 5008.61, 4537.05, 4841.75, 4813.9, 5167.61, 4770.87, 4917.31, 4644.84, 4816.14,
4626.04, 4680.79, 4635.21, 4621.45, 4964.02, 4340.96, 4805.19, 4486.83, 4531.38, 4511.55,
5114.27, 4581.71, 4754.97, 5458.72, 4787.44, 4835.88, 4722.18, 4647.26, 4979.47, 4598.14,
5409.91, 4283.4, 5000.07, 5452.08, 3843.5, 4144.21, 4845.35, 4787.19, 4340.01, 4496.35,
4629.87, 5090.01, 4254.62, 4661.47, 4813.44, 4488.39, 4695.04, 4625.09, 4283.1, 5020.92,
4622.57, 4335.85, 4236.61, 4630.5]
right 95% CI for the upper bound: [5377.79, 5327.33, 5536.49, 5005.29, 5125.35, 5065.64, 5157.77, 5384, 5155.96, 5346.37,
5116.41, 5500.78, 5502.86, 5154.2, 5253.92, 5107.15, 5147.63, 5120.38, 5179.59, 5192.79,
5337.98, 5489.23, 5034.85, 5667.06, 5498.24, 5248.46, 5247.41, 5222.03, 5209.03, 5285.94,
5398.79, 5514.73, 5385.69, 5148.76, 5321.46, 5399.6, 4867.76, 5151.42, 5241.18, 5619.13,
5519.93, 5503.86, 5192.76, 5433.02, 5405.89, 5768.87, 5363.43, 5513.09, 5348.21, 5422.66,
5304.7, 5356.42, 5309.08, 5263.1, 5499.78, 5042.01, 5431.86, 5200.28, 5200.78, 5183.14,
5539.09, 5243.67, 5363.4, 5995.59, 5472.79, 5426.02, 5376.83, 5313.52, 5569.34, 5281.2,
5711.87, 5031.45, 5633.6, 5924.48, 4513.08, 4873.73, 5419.8, 5387.62, 5073.49, 5133.42,
5288.33, 5538.92, 4919.6, 5308.74, 5409.04, 5157.35, 5309.88, 5285.6, 5028.3, 5428.42,
5275.84, 5023.09, 4964.58, 4930.62]
==================================================
==================================================
time horizon: 8
Benders cut: 1
Improved Benders cut: 0
FW sample paths: 50
total iterations: 91
total time elapsed: 3230.34 seconds.
lower bounds improvement: [2696.99, 4559.36, 4665.65, 4698.42, 4701.9, 4701.91, 4701.91, 4704.85, 4709.2, 4713.13,
4715.62, 4719.11, 4719.64, 4722.43, 4726, 4726.59, 4729.16, 4731.79, 4737.24, 4737.29,
4738.55, 4740.87, 4742.59, 4744.44, 4749.98, 4752.73, 4753.55, 4753.86, 4754.74, 4755.26,
4757.5, 4760.17, 4762.17, 4762.75, 4763.9, 4765.37, 4769.92, 4773.22, 4775.93, 4776.8,
4778.19, 4778.3, 4780.3, 4781.62, 4783.15, 4783.61, 4786.85, 4790.23, 4792.69, 4794.74,
4794.95, 4795.75, 4796.01, 4798.8, 4802.22, 4802.87, 4803.24, 4803.76, 4806.29, 4806.55,
4806.8, 4807.66, 4814.53, 4814.88, 4815.24, 4822.06, 4825.13, 4827.96, 4828.93, 4831.12,
4832.57, 4833.35, 4839.32, 4841.21, 4841.38, 4845.41, 4846.88, 4847.41, 4848.56, 4849.22,
4849.82, 4851.4, 4852.23, 4854.07, 4854.43, 4855.04, 4855.04, 4855.04, 4855.04, 4855.04,
4855.04]
upper bounds improvement: [4778.2, 5103.21, 4927.28, 4986.5, 4909.84, 4794.38, 4792.26, 4884.59, 4672.19, 4957.89,
4879.08, 4872.98, 4900.71, 5053.06, 4965.18, 4757.91, 4997.61, 5180.07, 5039.03, 5030.38,
5129.68, 5085.28, 4921.64, 5050.21, 5029.92, 4963.09, 5007.36, 4941.5, 4987.28, 5041.92,
5067.1, 5074.61, 4930.15, 4861.06, 5169.92, 5122.91, 5208.42, 4937.16, 5248.15, 4956.47,
4954.83, 5147.58, 5544, 4873.35, 5107.05, 4947.68, 5093.5, 5109.02, 4896.45, 4939.54,
5033.17, 4952.72, 5109.25, 4901.66, 5129.46, 4945.64, 4956.18, 5026.98, 5111.42, 5089.51,
4943.99, 5104.69, 4932.93, 5599.72, 5231.65, 5056.05, 5151.36, 4932.69, 5187.31, 4754.24,
4955, 5791.13, 4843.13, 4968.62, 4943.99, 5208.97, 5025.13, 5208.02, 5440, 4820.79,
5512.58, 5033.06, 4893.85, 5170.95, 4844.66, 4926.2, 4969.8, 4714.98, 4779.88, 5028.38,
4895.84]
left 95% CI for the upper bound: [4557.63, 4927.96, 4733.49, 4794.39, 4704.78, 4576.47, 4581.81, 4683.55, 4453.1, 4767.58,
4671.19, 4667.77, 4687.9, 4846.55, 4755.73, 4543.9, 4800.03, 4932.39, 4851.04, 4817.81,
4923.71, 4898.33, 4705.72, 4858.16, 4825.53, 4759.16, 4801.81, 4731.14, 4808.21, 4813.08,
4877.8, 4891.18, 4726.86, 4650.11, 5001.72, 4935.45, 5018.92, 4731.61, 5060.79, 4748.91,
4754.96, 4959.42, 5390.64, 4651.53, 4930.02, 4734.75, 4894.65, 4922.96, 4677.37, 4737.49,
4816.55, 4756.08, 4928.15, 4680.97, 4946.7, 4754.7, 4745.97, 4836.05, 4906.77, 4892.88,
4723.58, 4888.27, 4717.83, 5431.94, 5024.82, 4848.54, 4954.9, 4731.63, 4974.43, 4539.94,
4752.61, 5645.04, 4633.15, 4756.51, 4735.89, 5018.49, 4818.34, 5011.22, 5286.53, 4606.82,
5332.13, 4831.72, 4689.28, 4965.58, 4637.47, 4727.75, 4776.27, 4496.96, 4569.28, 4845.24,
4752.43]
right 95% CI for the upper bound: [4998.78, 5278.47, 5121.06, 5178.61, 5114.89, 5012.29, 5002.71, 5085.63, 4891.28, 5148.21,
5086.97, 5078.19, 5113.52, 5259.57, 5174.63, 4971.91, 5195.18, 5427.75, 5227.02, 5242.95,
5335.66, 5272.23, 5137.56, 5242.26, 5234.31, 5167.02, 5212.91, 5151.87, 5166.35, 5270.76,
5256.4, 5258.03, 5133.44, 5072, 5338.11, 5310.36, 5397.92, 5142.7, 5435.51, 5164.03,
5154.69, 5335.73, 5697.36, 5095.16, 5284.08, 5160.6, 5292.35, 5295.08, 5115.52, 5141.59,
5249.79, 5149.36, 5290.35, 5122.35, 5312.22, 5136.58, 5166.39, 5217.9, 5316.08, 5286.15,
5164.39, 5321.12, 5148.04, 5767.5, 5438.47, 5263.56, 5347.83, 5133.76, 5400.19, 4968.54,
5157.38, 5937.23, 5053.11, 5180.74, 5152.09, 5399.45, 5231.92, 5404.82, 5593.47, 5034.75,
5693.02, 5234.39, 5098.43, 5376.32, 5051.85, 5124.65, 5163.33, 4933, 4990.48, 5211.52,
5039.25]
